(kicad_pcb (version 20200119) (host pcbnew "5.99.0-unknown-096564e~88~ubuntu18.04.1")

  (general
    (thickness 1.6)
    (drawings 49)
    (tracks 1523)
    (modules 59)
    (nets 81)
  )

  (page "A4")
  (layers
    (0 "F.Cu" signal)
    (1 "In1.Cu" signal)
    (2 "In2.Cu" signal)
    (31 "B.Cu" signal)
    (32 "B.Adhes" user)
    (33 "F.Adhes" user)
    (34 "B.Paste" user)
    (35 "F.Paste" user)
    (36 "B.SilkS" user)
    (37 "F.SilkS" user)
    (38 "B.Mask" user)
    (39 "F.Mask" user)
    (40 "Dwgs.User" user)
    (41 "Cmts.User" user)
    (42 "Eco1.User" user)
    (43 "Eco2.User" user)
    (44 "Edge.Cuts" user)
    (45 "Margin" user)
    (46 "B.CrtYd" user)
    (47 "F.CrtYd" user)
    (48 "B.Fab" user)
    (49 "F.Fab" user)
  )

  (setup
    (last_trace_width 0.25)
    (user_trace_width 0.2)
    (user_trace_width 0.3)
    (user_trace_width 0.4)
    (user_trace_width 0.5)
    (trace_clearance 0.2)
    (zone_clearance 0.508)
    (zone_45_only yes)
    (trace_min 0.18)
    (via_size 0.8)
    (via_drill 0.4)
    (via_min_size 0.4)
    (via_min_drill 0.3)
    (user_via 0.6 0.3)
    (uvia_size 0.3)
    (uvia_drill 0.1)
    (uvias_allowed no)
    (uvia_min_size 0.2)
    (uvia_min_drill 0.1)
    (max_error 0.005)
    (defaults
      (edge_clearance 0.01)
      (edge_cuts_line_width 0.05)
      (courtyard_line_width 0.05)
      (copper_line_width 0.2)
      (copper_text_dims (size 1.5 1.5) (thickness 0.3))
      (silk_line_width 0.12)
      (silk_text_dims (size 1 1) (thickness 0.15))
      (other_layers_line_width 0.1)
      (other_layers_text_dims (size 1 1) (thickness 0.15))
      (dimension_units 0)
      (dimension_precision 1)
    )
    (pad_size 0.5 0.5)
    (pad_drill 0.2)
    (pad_to_mask_clearance 0.02)
    (solder_mask_min_width 0.04)
    (aux_axis_origin 0 0)
    (visible_elements FFFFFF7F)
    (pcbplotparams
      (layerselection 0x010fc_ffffffff)
      (usegerberextensions true)
      (usegerberattributes false)
      (usegerberadvancedattributes false)
      (creategerberjobfile false)
      (excludeedgelayer true)
      (linewidth 0.100000)
      (plotframeref false)
      (viasonmask false)
      (mode 1)
      (useauxorigin false)
      (hpglpennumber 1)
      (hpglpenspeed 20)
      (hpglpendiameter 15.000000)
      (psnegative false)
      (psa4output false)
      (plotreference true)
      (plotvalue true)
      (plotinvisibletext false)
      (padsonsilk false)
      (subtractmaskfromsilk true)
      (outputformat 1)
      (mirror false)
      (drillshape 0)
      (scaleselection 1)
      (outputdirectory "../Gerber/")
    )
  )

  (net 0 "")
  (net 1 "GND")
  (net 2 "+3V3")
  (net 3 "Net-(C7-Pad1)")
  (net 4 "Net-(C8-Pad1)")
  (net 5 "/MCU/NRST")
  (net 6 "Net-(C10-Pad2)")
  (net 7 "Net-(C11-Pad2)")
  (net 8 "/DCDC/5V")
  (net 9 "+1V2")
  (net 10 "Net-(D1-Pad2)")
  (net 11 "Net-(D2-Pad2)")
  (net 12 "Net-(D3-Pad2)")
  (net 13 "/MCU/GPIO7")
  (net 14 "/MCU/GPIO6")
  (net 15 "/MCU/GPIO5")
  (net 16 "/MCU/GPIO4")
  (net 17 "/MCU/GPIO3")
  (net 18 "/MCU/GPIO2")
  (net 19 "/MCU/GPIO1")
  (net 20 "/MCU/GPIO0")
  (net 21 "Net-(J2-Pad4)")
  (net 22 "/MCU/MCU_USB_DP")
  (net 23 "/MCU/MCU_USB_DM")
  (net 24 "/LATTICE_ICE40/RGB2")
  (net 25 "/LATTICE_ICE40/RGB1")
  (net 26 "/LATTICE_ICE40/RGB0")
  (net 27 "/LATTICE_ICE40/IOT_9b")
  (net 28 "/LATTICE_ICE40/IOT_8a")
  (net 29 "/LATTICE_ICE40/IOT_51a")
  (net 30 "/LATTICE_ICE40/IOT_50b")
  (net 31 "/LATTICE_ICE40/IOT_49a")
  (net 32 "/LATTICE_ICE40/IOT_48b")
  (net 33 "/LATTICE_ICE40/IOT_45a")
  (net 34 "/LATTICE_ICE40/IOT_44b")
  (net 35 "/LATTICE_ICE40/IOT_43a")
  (net 36 "/MCU/SWCLK")
  (net 37 "/MCU/SWDIO")
  (net 38 "Net-(P1-Pad1)")
  (net 39 "/MCU/LED_GREEN")
  (net 40 "/MCU/LED_YELLOW")
  (net 41 "/MCU/LED_RED")
  (net 42 "Net-(R4-Pad1)")
  (net 43 "Net-(R5-Pad1)")
  (net 44 "/DCDC/REG1V2_ON")
  (net 45 "/DCDC/PWRGD1V2")
  (net 46 "/MCU/BOOT0")
  (net 47 "/LATTICE_ICE40/DONE")
  (net 48 "/LATTICE_ICE40/RESET")
  (net 49 "/LATTICE_ICE40/SPI_MOSI")
  (net 50 "/LATTICE_ICE40/SPI_MISO")
  (net 51 "/LATTICE_ICE40/SPI_SCK")
  (net 52 "Net-(U1-Pad54)")
  (net 53 "/LATTICE_ICE40/AUX5")
  (net 54 "/LATTICE_ICE40/SPI_SS")
  (net 55 "/LATTICE_ICE40/AUX2")
  (net 56 "/LATTICE_ICE40/AUX1")
  (net 57 "/LATTICE_ICE40/AUX0")
  (net 58 "/LATTICE_ICE40/AUX4")
  (net 59 "/LATTICE_ICE40/AUX3")
  (net 60 "/LATTICE_ICE40/DAT15")
  (net 61 "/LATTICE_ICE40/DAT14")
  (net 62 "/LATTICE_ICE40/DAT13")
  (net 63 "/LATTICE_ICE40/DAT12")
  (net 64 "/LATTICE_ICE40/DAT7")
  (net 65 "/LATTICE_ICE40/DAT6")
  (net 66 "/LATTICE_ICE40/DAT5")
  (net 67 "/LATTICE_ICE40/DAT4")
  (net 68 "/LATTICE_ICE40/DAT3")
  (net 69 "/LATTICE_ICE40/DAT2")
  (net 70 "/LATTICE_ICE40/DAT1")
  (net 71 "/LATTICE_ICE40/DAT0")
  (net 72 "/LATTICE_ICE40/DAT11")
  (net 73 "/LATTICE_ICE40/DAT10")
  (net 74 "/LATTICE_ICE40/DAT9")
  (net 75 "/LATTICE_ICE40/DAT8")
  (net 76 "/LATTICE_ICE40/CLK_100MHz")
  (net 77 "/DCDC/5V_IN")
  (net 78 "Net-(SW2-Pad1)")
  (net 79 "Net-(U1-Pad27)")
  (net 80 "Net-(U1-Pad26)")

  (net_class "Default" "This is the default net class."
    (clearance 0.2)
    (trace_width 0.25)
    (via_dia 0.8)
    (via_drill 0.4)
    (uvia_dia 0.3)
    (uvia_drill 0.1)
    (add_net "+1V2")
    (add_net "+3V3")
    (add_net "/DCDC/5V")
    (add_net "/DCDC/5V_IN")
    (add_net "/DCDC/PWRGD1V2")
    (add_net "/DCDC/REG1V2_ON")
    (add_net "/LATTICE_ICE40/AUX0")
    (add_net "/LATTICE_ICE40/AUX1")
    (add_net "/LATTICE_ICE40/AUX2")
    (add_net "/LATTICE_ICE40/AUX3")
    (add_net "/LATTICE_ICE40/AUX4")
    (add_net "/LATTICE_ICE40/AUX5")
    (add_net "/LATTICE_ICE40/CLK_100MHz")
    (add_net "/LATTICE_ICE40/DAT0")
    (add_net "/LATTICE_ICE40/DAT1")
    (add_net "/LATTICE_ICE40/DAT10")
    (add_net "/LATTICE_ICE40/DAT11")
    (add_net "/LATTICE_ICE40/DAT12")
    (add_net "/LATTICE_ICE40/DAT13")
    (add_net "/LATTICE_ICE40/DAT14")
    (add_net "/LATTICE_ICE40/DAT15")
    (add_net "/LATTICE_ICE40/DAT2")
    (add_net "/LATTICE_ICE40/DAT3")
    (add_net "/LATTICE_ICE40/DAT4")
    (add_net "/LATTICE_ICE40/DAT5")
    (add_net "/LATTICE_ICE40/DAT6")
    (add_net "/LATTICE_ICE40/DAT7")
    (add_net "/LATTICE_ICE40/DAT8")
    (add_net "/LATTICE_ICE40/DAT9")
    (add_net "/LATTICE_ICE40/DONE")
    (add_net "/LATTICE_ICE40/IOT_43a")
    (add_net "/LATTICE_ICE40/IOT_44b")
    (add_net "/LATTICE_ICE40/IOT_45a")
    (add_net "/LATTICE_ICE40/IOT_48b")
    (add_net "/LATTICE_ICE40/IOT_49a")
    (add_net "/LATTICE_ICE40/IOT_50b")
    (add_net "/LATTICE_ICE40/IOT_51a")
    (add_net "/LATTICE_ICE40/IOT_8a")
    (add_net "/LATTICE_ICE40/IOT_9b")
    (add_net "/LATTICE_ICE40/RESET")
    (add_net "/LATTICE_ICE40/RGB0")
    (add_net "/LATTICE_ICE40/RGB1")
    (add_net "/LATTICE_ICE40/RGB2")
    (add_net "/LATTICE_ICE40/SPI_MISO")
    (add_net "/LATTICE_ICE40/SPI_MOSI")
    (add_net "/LATTICE_ICE40/SPI_SCK")
    (add_net "/LATTICE_ICE40/SPI_SS")
    (add_net "/MCU/BOOT0")
    (add_net "/MCU/GPIO0")
    (add_net "/MCU/GPIO1")
    (add_net "/MCU/GPIO2")
    (add_net "/MCU/GPIO3")
    (add_net "/MCU/GPIO4")
    (add_net "/MCU/GPIO5")
    (add_net "/MCU/GPIO6")
    (add_net "/MCU/GPIO7")
    (add_net "/MCU/LED_GREEN")
    (add_net "/MCU/LED_RED")
    (add_net "/MCU/LED_YELLOW")
    (add_net "/MCU/MCU_USB_DM")
    (add_net "/MCU/MCU_USB_DP")
    (add_net "/MCU/NRST")
    (add_net "/MCU/SWCLK")
    (add_net "/MCU/SWDIO")
    (add_net "GND")
    (add_net "Net-(C10-Pad2)")
    (add_net "Net-(C11-Pad2)")
    (add_net "Net-(C7-Pad1)")
    (add_net "Net-(C8-Pad1)")
    (add_net "Net-(D1-Pad2)")
    (add_net "Net-(D2-Pad2)")
    (add_net "Net-(D3-Pad2)")
    (add_net "Net-(J2-Pad4)")
    (add_net "Net-(P1-Pad1)")
    (add_net "Net-(R4-Pad1)")
    (add_net "Net-(R5-Pad1)")
    (add_net "Net-(SW2-Pad1)")
    (add_net "Net-(U1-Pad26)")
    (add_net "Net-(U1-Pad27)")
    (add_net "Net-(U1-Pad54)")
  )

  (module "Capacitor_SMD:C_0603_1608Metric" (layer "F.Cu") (tedit 5B301BBE) (tstamp 00000000-0000-0000-0000-00005ea21497)
    (at 145.48 123.96 -90)
    (descr "Capacitor SMD 0603 (1608 Metric), square (rectangular) end terminal, IPC_7351 nominal, (Body size source: http://www.tortai-tech.com/upload/download/2011102023233369053.pdf), generated with kicad-footprint-generator")
    (tags "capacitor")
    (path "/00000000-0000-0000-0000-00005e988213/00000000-0000-0000-0000-00005ea2fabc")
    (attr smd)
    (fp_text reference "C28" (at -0.12 -2.92 90) (layer "F.SilkS")
      (effects (font (size 1 1) (thickness 0.15)))
    )
    (fp_text value "4.7u" (at 0 1.43 90) (layer "F.Fab")
      (effects (font (size 1 1) (thickness 0.15)))
    )
    (fp_line (start -0.8 0.4) (end -0.8 -0.4) (layer "F.Fab") (width 0.1))
    (fp_line (start -0.8 -0.4) (end 0.8 -0.4) (layer "F.Fab") (width 0.1))
    (fp_line (start 0.8 -0.4) (end 0.8 0.4) (layer "F.Fab") (width 0.1))
    (fp_line (start 0.8 0.4) (end -0.8 0.4) (layer "F.Fab") (width 0.1))
    (fp_line (start -0.162779 -0.51) (end 0.162779 -0.51) (layer "F.SilkS") (width 0.12))
    (fp_line (start -0.162779 0.51) (end 0.162779 0.51) (layer "F.SilkS") (width 0.12))
    (fp_line (start -1.48 0.73) (end -1.48 -0.73) (layer "F.CrtYd") (width 0.05))
    (fp_line (start -1.48 -0.73) (end 1.48 -0.73) (layer "F.CrtYd") (width 0.05))
    (fp_line (start 1.48 -0.73) (end 1.48 0.73) (layer "F.CrtYd") (width 0.05))
    (fp_line (start 1.48 0.73) (end -1.48 0.73) (layer "F.CrtYd") (width 0.05))
    (fp_text user "${REFERENCE}" (at 0 0 90) (layer "F.Fab")
      (effects (font (size 0.4 0.4) (thickness 0.06)))
    )
    (pad "2" smd roundrect (at 0.7875 0 270) (size 0.875 0.95) (layers "F.Cu" "F.Paste" "F.Mask") (roundrect_rratio 0.25)
      (net 1 "GND") (tstamp 6d6d16bc-e38f-4fca-a4a5-cc17f44d8b1f))
    (pad "1" smd roundrect (at -0.7875 0 270) (size 0.875 0.95) (layers "F.Cu" "F.Paste" "F.Mask") (roundrect_rratio 0.25)
      (net 9 "+1V2") (tstamp 7718b5eb-83a2-435b-a9ed-8d979119dfe8))
    (model "${KISYS3DMOD}/Capacitor_SMD.3dshapes/C_0603_1608Metric.wrl"
      (at (xyz 0 0 0))
      (scale (xyz 1 1 1))
      (rotate (xyz 0 0 0))
    )
  )

  (module "Capacitor_SMD:C_0603_1608Metric" (layer "B.Cu") (tedit 5B301BBE) (tstamp 00000000-0000-0000-0000-00005ea21486)
    (at 145.48 123.96 -90)
    (descr "Capacitor SMD 0603 (1608 Metric), square (rectangular) end terminal, IPC_7351 nominal, (Body size source: http://www.tortai-tech.com/upload/download/2011102023233369053.pdf), generated with kicad-footprint-generator")
    (tags "capacitor")
    (path "/00000000-0000-0000-0000-00005e988213/00000000-0000-0000-0000-00005ea2f64d")
    (attr smd)
    (fp_text reference "C27" (at 3 -0.07 90) (layer "B.SilkS")
      (effects (font (size 1 1) (thickness 0.15)) (justify mirror))
    )
    (fp_text value "4.7u" (at 2.69 0.02 90) (layer "B.Fab")
      (effects (font (size 1 1) (thickness 0.15)) (justify mirror))
    )
    (fp_line (start -0.8 -0.4) (end -0.8 0.4) (layer "B.Fab") (width 0.1))
    (fp_line (start -0.8 0.4) (end 0.8 0.4) (layer "B.Fab") (width 0.1))
    (fp_line (start 0.8 0.4) (end 0.8 -0.4) (layer "B.Fab") (width 0.1))
    (fp_line (start 0.8 -0.4) (end -0.8 -0.4) (layer "B.Fab") (width 0.1))
    (fp_line (start -0.162779 0.51) (end 0.162779 0.51) (layer "B.SilkS") (width 0.12))
    (fp_line (start -0.162779 -0.51) (end 0.162779 -0.51) (layer "B.SilkS") (width 0.12))
    (fp_line (start -1.48 -0.73) (end -1.48 0.73) (layer "B.CrtYd") (width 0.05))
    (fp_line (start -1.48 0.73) (end 1.48 0.73) (layer "B.CrtYd") (width 0.05))
    (fp_line (start 1.48 0.73) (end 1.48 -0.73) (layer "B.CrtYd") (width 0.05))
    (fp_line (start 1.48 -0.73) (end -1.48 -0.73) (layer "B.CrtYd") (width 0.05))
    (fp_text user "${REFERENCE}" (at 0 0 90) (layer "B.Fab")
      (effects (font (size 0.4 0.4) (thickness 0.06)) (justify mirror))
    )
    (pad "2" smd roundrect (at 0.7875 0 270) (size 0.875 0.95) (layers "B.Cu" "B.Paste" "B.Mask") (roundrect_rratio 0.25)
      (net 1 "GND") (tstamp 80427ba8-01f8-45fb-aeed-7ed32b229064))
    (pad "1" smd roundrect (at -0.7875 0 270) (size 0.875 0.95) (layers "B.Cu" "B.Paste" "B.Mask") (roundrect_rratio 0.25)
      (net 9 "+1V2") (tstamp a9d088bf-b4f3-4ea3-8e40-464d03691c57))
    (model "${KISYS3DMOD}/Capacitor_SMD.3dshapes/C_0603_1608Metric.wrl"
      (at (xyz 0 0 0))
      (scale (xyz 1 1 1))
      (rotate (xyz 0 0 0))
    )
  )

  (module "Capacitor_SMD:C_0603_1608Metric" (layer "F.Cu") (tedit 5B301BBE) (tstamp 00000000-0000-0000-0000-00005ea21355)
    (at 143.01 145.1 180)
    (descr "Capacitor SMD 0603 (1608 Metric), square (rectangular) end terminal, IPC_7351 nominal, (Body size source: http://www.tortai-tech.com/upload/download/2011102023233369053.pdf), generated with kicad-footprint-generator")
    (tags "capacitor")
    (path "/00000000-0000-0000-0000-00005e988213/00000000-0000-0000-0000-00005ea248da")
    (attr smd)
    (fp_text reference "C17" (at 0 -1.43) (layer "F.SilkS")
      (effects (font (size 1 1) (thickness 0.15)))
    )
    (fp_text value "4.7u" (at -0.63 -1.34) (layer "F.Fab")
      (effects (font (size 1 1) (thickness 0.15)))
    )
    (fp_line (start -0.8 0.4) (end -0.8 -0.4) (layer "F.Fab") (width 0.1))
    (fp_line (start -0.8 -0.4) (end 0.8 -0.4) (layer "F.Fab") (width 0.1))
    (fp_line (start 0.8 -0.4) (end 0.8 0.4) (layer "F.Fab") (width 0.1))
    (fp_line (start 0.8 0.4) (end -0.8 0.4) (layer "F.Fab") (width 0.1))
    (fp_line (start -0.162779 -0.51) (end 0.162779 -0.51) (layer "F.SilkS") (width 0.12))
    (fp_line (start -0.162779 0.51) (end 0.162779 0.51) (layer "F.SilkS") (width 0.12))
    (fp_line (start -1.48 0.73) (end -1.48 -0.73) (layer "F.CrtYd") (width 0.05))
    (fp_line (start -1.48 -0.73) (end 1.48 -0.73) (layer "F.CrtYd") (width 0.05))
    (fp_line (start 1.48 -0.73) (end 1.48 0.73) (layer "F.CrtYd") (width 0.05))
    (fp_line (start 1.48 0.73) (end -1.48 0.73) (layer "F.CrtYd") (width 0.05))
    (fp_text user "${REFERENCE}" (at 0 0) (layer "F.Fab")
      (effects (font (size 0.4 0.4) (thickness 0.06)))
    )
    (pad "2" smd roundrect (at 0.7875 0 180) (size 0.875 0.95) (layers "F.Cu" "F.Paste" "F.Mask") (roundrect_rratio 0.25)
      (net 1 "GND") (tstamp 20af8c76-eea3-40ba-9226-18b3f8d3b427))
    (pad "1" smd roundrect (at -0.7875 0 180) (size 0.875 0.95) (layers "F.Cu" "F.Paste" "F.Mask") (roundrect_rratio 0.25)
      (net 2 "+3V3") (tstamp 505e79df-6975-4f0b-85a8-b3df86c7d5a7))
    (model "${KISYS3DMOD}/Capacitor_SMD.3dshapes/C_0603_1608Metric.wrl"
      (at (xyz 0 0 0))
      (scale (xyz 1 1 1))
      (rotate (xyz 0 0 0))
    )
  )

  (module "Capacitor_SMD:C_0603_1608Metric" (layer "B.Cu") (tedit 5B301BBE) (tstamp 00000000-0000-0000-0000-00005ea21344)
    (at 146.94 123.96 -90)
    (descr "Capacitor SMD 0603 (1608 Metric), square (rectangular) end terminal, IPC_7351 nominal, (Body size source: http://www.tortai-tech.com/upload/download/2011102023233369053.pdf), generated with kicad-footprint-generator")
    (tags "capacitor")
    (path "/00000000-0000-0000-0000-00005e988213/00000000-0000-0000-0000-00005ea24fb5")
    (attr smd)
    (fp_text reference "C16" (at 3.01 -0.05 90) (layer "B.SilkS")
      (effects (font (size 1 1) (thickness 0.15)) (justify mirror))
    )
    (fp_text value "4.7u" (at 2.83 -0.02 90) (layer "B.Fab")
      (effects (font (size 1 1) (thickness 0.15)) (justify mirror))
    )
    (fp_line (start -0.8 -0.4) (end -0.8 0.4) (layer "B.Fab") (width 0.1))
    (fp_line (start -0.8 0.4) (end 0.8 0.4) (layer "B.Fab") (width 0.1))
    (fp_line (start 0.8 0.4) (end 0.8 -0.4) (layer "B.Fab") (width 0.1))
    (fp_line (start 0.8 -0.4) (end -0.8 -0.4) (layer "B.Fab") (width 0.1))
    (fp_line (start -0.162779 0.51) (end 0.162779 0.51) (layer "B.SilkS") (width 0.12))
    (fp_line (start -0.162779 -0.51) (end 0.162779 -0.51) (layer "B.SilkS") (width 0.12))
    (fp_line (start -1.48 -0.73) (end -1.48 0.73) (layer "B.CrtYd") (width 0.05))
    (fp_line (start -1.48 0.73) (end 1.48 0.73) (layer "B.CrtYd") (width 0.05))
    (fp_line (start 1.48 0.73) (end 1.48 -0.73) (layer "B.CrtYd") (width 0.05))
    (fp_line (start 1.48 -0.73) (end -1.48 -0.73) (layer "B.CrtYd") (width 0.05))
    (fp_text user "${REFERENCE}" (at 0 0 90) (layer "B.Fab")
      (effects (font (size 0.4 0.4) (thickness 0.06)) (justify mirror))
    )
    (pad "2" smd roundrect (at 0.7875 0 270) (size 0.875 0.95) (layers "B.Cu" "B.Paste" "B.Mask") (roundrect_rratio 0.25)
      (net 1 "GND") (tstamp 1fa5b991-95c8-49a5-b5b1-95883e911fcf))
    (pad "1" smd roundrect (at -0.7875 0 270) (size 0.875 0.95) (layers "B.Cu" "B.Paste" "B.Mask") (roundrect_rratio 0.25)
      (net 9 "+1V2") (tstamp 9383413a-cb45-4202-a288-db53f100377b))
    (model "${KISYS3DMOD}/Capacitor_SMD.3dshapes/C_0603_1608Metric.wrl"
      (at (xyz 0 0 0))
      (scale (xyz 1 1 1))
      (rotate (xyz 0 0 0))
    )
  )

  (module "Resistor_SMD:R_0603_1608Metric" (layer "B.Cu") (tedit 5B301BBD) (tstamp 00000000-0000-0000-0000-00005ea1d2b1)
    (at 162.12 131.97 180)
    (descr "Resistor SMD 0603 (1608 Metric), square (rectangular) end terminal, IPC_7351 nominal, (Body size source: http://www.tortai-tech.com/upload/download/2011102023233369053.pdf), generated with kicad-footprint-generator")
    (tags "resistor")
    (path "/00000000-0000-0000-0000-00005e98823a/00000000-0000-0000-0000-00005ea3656d")
    (attr smd)
    (fp_text reference "R10" (at -2.81 0.02) (layer "B.SilkS")
      (effects (font (size 1 1) (thickness 0.15)) (justify mirror))
    )
    (fp_text value "10K" (at -2.26 -0.15) (layer "B.Fab")
      (effects (font (size 1 1) (thickness 0.15)) (justify mirror))
    )
    (fp_line (start -0.8 -0.4) (end -0.8 0.4) (layer "B.Fab") (width 0.1))
    (fp_line (start -0.8 0.4) (end 0.8 0.4) (layer "B.Fab") (width 0.1))
    (fp_line (start 0.8 0.4) (end 0.8 -0.4) (layer "B.Fab") (width 0.1))
    (fp_line (start 0.8 -0.4) (end -0.8 -0.4) (layer "B.Fab") (width 0.1))
    (fp_line (start -0.162779 0.51) (end 0.162779 0.51) (layer "B.SilkS") (width 0.12))
    (fp_line (start -0.162779 -0.51) (end 0.162779 -0.51) (layer "B.SilkS") (width 0.12))
    (fp_line (start -1.48 -0.73) (end -1.48 0.73) (layer "B.CrtYd") (width 0.05))
    (fp_line (start -1.48 0.73) (end 1.48 0.73) (layer "B.CrtYd") (width 0.05))
    (fp_line (start 1.48 0.73) (end 1.48 -0.73) (layer "B.CrtYd") (width 0.05))
    (fp_line (start 1.48 -0.73) (end -1.48 -0.73) (layer "B.CrtYd") (width 0.05))
    (fp_text user "${REFERENCE}" (at 0 0) (layer "B.Fab")
      (effects (font (size 0.4 0.4) (thickness 0.06)) (justify mirror))
    )
    (pad "2" smd roundrect (at 0.7875 0 180) (size 0.875 0.95) (layers "B.Cu" "B.Paste" "B.Mask") (roundrect_rratio 0.25)
      (net 47 "/LATTICE_ICE40/DONE") (tstamp bc7f076d-3733-4d13-92b1-c1138b2e256d))
    (pad "1" smd roundrect (at -0.7875 0 180) (size 0.875 0.95) (layers "B.Cu" "B.Paste" "B.Mask") (roundrect_rratio 0.25)
      (net 2 "+3V3") (tstamp dc27074e-c725-44cb-bf4e-238877926bd0))
    (model "${KISYS3DMOD}/Resistor_SMD.3dshapes/R_0603_1608Metric.wrl"
      (at (xyz 0 0 0))
      (scale (xyz 1 1 1))
      (rotate (xyz 0 0 0))
    )
  )

  (module "Resistor_SMD:R_0603_1608Metric" (layer "F.Cu") (tedit 5B301BBD) (tstamp 00000000-0000-0000-0000-00005ea22e08)
    (at 174.33 144.91 90)
    (descr "Resistor SMD 0603 (1608 Metric), square (rectangular) end terminal, IPC_7351 nominal, (Body size source: http://www.tortai-tech.com/upload/download/2011102023233369053.pdf), generated with kicad-footprint-generator")
    (tags "resistor")
    (path "/00000000-0000-0000-0000-00005e98823a/00000000-0000-0000-0000-00005ea408b3")
    (attr smd)
    (fp_text reference "R9" (at 0.27 1.54 90) (layer "F.SilkS")
      (effects (font (size 1 1) (thickness 0.15)))
    )
    (fp_text value "10K" (at 0 1.43 90) (layer "F.Fab")
      (effects (font (size 1 1) (thickness 0.15)))
    )
    (fp_line (start -0.8 0.4) (end -0.8 -0.4) (layer "F.Fab") (width 0.1))
    (fp_line (start -0.8 -0.4) (end 0.8 -0.4) (layer "F.Fab") (width 0.1))
    (fp_line (start 0.8 -0.4) (end 0.8 0.4) (layer "F.Fab") (width 0.1))
    (fp_line (start 0.8 0.4) (end -0.8 0.4) (layer "F.Fab") (width 0.1))
    (fp_line (start -0.162779 -0.51) (end 0.162779 -0.51) (layer "F.SilkS") (width 0.12))
    (fp_line (start -0.162779 0.51) (end 0.162779 0.51) (layer "F.SilkS") (width 0.12))
    (fp_line (start -1.48 0.73) (end -1.48 -0.73) (layer "F.CrtYd") (width 0.05))
    (fp_line (start -1.48 -0.73) (end 1.48 -0.73) (layer "F.CrtYd") (width 0.05))
    (fp_line (start 1.48 -0.73) (end 1.48 0.73) (layer "F.CrtYd") (width 0.05))
    (fp_line (start 1.48 0.73) (end -1.48 0.73) (layer "F.CrtYd") (width 0.05))
    (fp_text user "${REFERENCE}" (at 0 0 90) (layer "F.Fab")
      (effects (font (size 0.4 0.4) (thickness 0.06)))
    )
    (pad "2" smd roundrect (at 0.7875 0 90) (size 0.875 0.95) (layers "F.Cu" "F.Paste" "F.Mask") (roundrect_rratio 0.25)
      (net 1 "GND") (tstamp fa266877-641e-45f9-a982-38a25b4bb6ee))
    (pad "1" smd roundrect (at -0.7875 0 90) (size 0.875 0.95) (layers "F.Cu" "F.Paste" "F.Mask") (roundrect_rratio 0.25)
      (net 54 "/LATTICE_ICE40/SPI_SS") (tstamp 5c81c59f-4fe0-4830-9016-1d99d5f5b0b2))
    (model "${KISYS3DMOD}/Resistor_SMD.3dshapes/R_0603_1608Metric.wrl"
      (at (xyz 0 0 0))
      (scale (xyz 1 1 1))
      (rotate (xyz 0 0 0))
    )
  )

  (module "Resistor_SMD:R_0603_1608Metric" (layer "B.Cu") (tedit 5B301BBD) (tstamp 00000000-0000-0000-0000-00005ea1d7f0)
    (at 162.12 130.51 180)
    (descr "Resistor SMD 0603 (1608 Metric), square (rectangular) end terminal, IPC_7351 nominal, (Body size source: http://www.tortai-tech.com/upload/download/2011102023233369053.pdf), generated with kicad-footprint-generator")
    (tags "resistor")
    (path "/00000000-0000-0000-0000-00005e98823a/00000000-0000-0000-0000-00005ea31740")
    (attr smd)
    (fp_text reference "R6" (at -2.29 -0.05) (layer "B.SilkS")
      (effects (font (size 1 1) (thickness 0.15)) (justify mirror))
    )
    (fp_text value "10K" (at -2.52 -0.02) (layer "B.Fab")
      (effects (font (size 1 1) (thickness 0.15)) (justify mirror))
    )
    (fp_line (start -0.8 -0.4) (end -0.8 0.4) (layer "B.Fab") (width 0.1))
    (fp_line (start -0.8 0.4) (end 0.8 0.4) (layer "B.Fab") (width 0.1))
    (fp_line (start 0.8 0.4) (end 0.8 -0.4) (layer "B.Fab") (width 0.1))
    (fp_line (start 0.8 -0.4) (end -0.8 -0.4) (layer "B.Fab") (width 0.1))
    (fp_line (start -0.162779 0.51) (end 0.162779 0.51) (layer "B.SilkS") (width 0.12))
    (fp_line (start -0.162779 -0.51) (end 0.162779 -0.51) (layer "B.SilkS") (width 0.12))
    (fp_line (start -1.48 -0.73) (end -1.48 0.73) (layer "B.CrtYd") (width 0.05))
    (fp_line (start -1.48 0.73) (end 1.48 0.73) (layer "B.CrtYd") (width 0.05))
    (fp_line (start 1.48 0.73) (end 1.48 -0.73) (layer "B.CrtYd") (width 0.05))
    (fp_line (start 1.48 -0.73) (end -1.48 -0.73) (layer "B.CrtYd") (width 0.05))
    (fp_text user "${REFERENCE}" (at 0 0) (layer "B.Fab")
      (effects (font (size 0.4 0.4) (thickness 0.06)) (justify mirror))
    )
    (pad "2" smd roundrect (at 0.7875 0 180) (size 0.875 0.95) (layers "B.Cu" "B.Paste" "B.Mask") (roundrect_rratio 0.25)
      (net 48 "/LATTICE_ICE40/RESET") (tstamp 4a55f6f1-fe2a-4b8a-9cd9-16142e2dbd21))
    (pad "1" smd roundrect (at -0.7875 0 180) (size 0.875 0.95) (layers "B.Cu" "B.Paste" "B.Mask") (roundrect_rratio 0.25)
      (net 2 "+3V3") (tstamp fa1b5d14-21d8-4752-81ce-7ef786b84548))
    (model "${KISYS3DMOD}/Resistor_SMD.3dshapes/R_0603_1608Metric.wrl"
      (at (xyz 0 0 0))
      (scale (xyz 1 1 1))
      (rotate (xyz 0 0 0))
    )
  )

  (module "Capacitor_SMD:C_0603_1608Metric" (layer "F.Cu") (tedit 5B301BBE) (tstamp 00000000-0000-0000-0000-00005ea18a65)
    (at 146.94 123.96 90)
    (descr "Capacitor SMD 0603 (1608 Metric), square (rectangular) end terminal, IPC_7351 nominal, (Body size source: http://www.tortai-tech.com/upload/download/2011102023233369053.pdf), generated with kicad-footprint-generator")
    (tags "capacitor")
    (path "/00000000-0000-0000-0000-00005e988213/00000000-0000-0000-0000-00005ea1d6aa")
    (attr smd)
    (fp_text reference "C26" (at 0.14 2.72 90) (layer "F.SilkS")
      (effects (font (size 1 1) (thickness 0.15)))
    )
    (fp_text value "0.1u" (at 0 1.43 90) (layer "F.Fab")
      (effects (font (size 1 1) (thickness 0.15)))
    )
    (fp_line (start -0.8 0.4) (end -0.8 -0.4) (layer "F.Fab") (width 0.1))
    (fp_line (start -0.8 -0.4) (end 0.8 -0.4) (layer "F.Fab") (width 0.1))
    (fp_line (start 0.8 -0.4) (end 0.8 0.4) (layer "F.Fab") (width 0.1))
    (fp_line (start 0.8 0.4) (end -0.8 0.4) (layer "F.Fab") (width 0.1))
    (fp_line (start -0.162779 -0.51) (end 0.162779 -0.51) (layer "F.SilkS") (width 0.12))
    (fp_line (start -0.162779 0.51) (end 0.162779 0.51) (layer "F.SilkS") (width 0.12))
    (fp_line (start -1.48 0.73) (end -1.48 -0.73) (layer "F.CrtYd") (width 0.05))
    (fp_line (start -1.48 -0.73) (end 1.48 -0.73) (layer "F.CrtYd") (width 0.05))
    (fp_line (start 1.48 -0.73) (end 1.48 0.73) (layer "F.CrtYd") (width 0.05))
    (fp_line (start 1.48 0.73) (end -1.48 0.73) (layer "F.CrtYd") (width 0.05))
    (fp_text user "${REFERENCE}" (at 0 0 90) (layer "F.Fab")
      (effects (font (size 0.4 0.4) (thickness 0.06)))
    )
    (pad "2" smd roundrect (at 0.7875 0 90) (size 0.875 0.95) (layers "F.Cu" "F.Paste" "F.Mask") (roundrect_rratio 0.25)
      (net 9 "+1V2") (tstamp 5539eaed-9880-40ab-ac16-e64c39cb1cf1))
    (pad "1" smd roundrect (at -0.7875 0 90) (size 0.875 0.95) (layers "F.Cu" "F.Paste" "F.Mask") (roundrect_rratio 0.25)
      (net 1 "GND") (tstamp 09797b8a-bebe-4da7-9c92-e78d423cf66b))
    (model "${KISYS3DMOD}/Capacitor_SMD.3dshapes/C_0603_1608Metric.wrl"
      (at (xyz 0 0 0))
      (scale (xyz 1 1 1))
      (rotate (xyz 0 0 0))
    )
  )

  (module "Button_Switch_SMD:SW_SPDT_PCM12" (layer "B.Cu") (tedit 5A02FC95) (tstamp 00000000-0000-0000-0000-00005ea01e0a)
    (at 129.86 136.56 90)
    (descr "Ultraminiature Surface Mount Slide Switch, right-angle, https://www.ckswitches.com/media/1424/pcm.pdf")
    (path "/00000000-0000-0000-0000-00005e988213/00000000-0000-0000-0000-00005ea4044b")
    (attr smd)
    (fp_text reference "USB_POWER" (at 0.19 5.04 90) (layer "B.SilkS")
      (effects (font (size 1 1) (thickness 0.15)) (justify mirror))
    )
    (fp_text value "USB_POWER" (at 0 -4.25 90) (layer "B.Fab")
      (effects (font (size 1 1) (thickness 0.15)) (justify mirror))
    )
    (fp_text user "${REFERENCE}" (at 0 3.2 90) (layer "B.Fab")
      (effects (font (size 1 1) (thickness 0.15)) (justify mirror))
    )
    (fp_line (start -1.4 -1.65) (end -1.4 -2.95) (layer "B.Fab") (width 0.1))
    (fp_line (start -1.4 -2.95) (end -1.2 -3.15) (layer "B.Fab") (width 0.1))
    (fp_line (start -1.2 -3.15) (end -0.35 -3.15) (layer "B.Fab") (width 0.1))
    (fp_line (start -0.35 -3.15) (end -0.15 -2.95) (layer "B.Fab") (width 0.1))
    (fp_line (start -0.15 -2.95) (end -0.1 -2.9) (layer "B.Fab") (width 0.1))
    (fp_line (start -0.1 -2.9) (end -0.1 -1.6) (layer "B.Fab") (width 0.1))
    (fp_line (start -3.35 1) (end -3.35 -1.6) (layer "B.Fab") (width 0.1))
    (fp_line (start -3.35 -1.6) (end 3.35 -1.6) (layer "B.Fab") (width 0.1))
    (fp_line (start 3.35 -1.6) (end 3.35 1) (layer "B.Fab") (width 0.1))
    (fp_line (start 3.35 1) (end -3.35 1) (layer "B.Fab") (width 0.1))
    (fp_line (start 1.4 1.12) (end 1.6 1.12) (layer "B.SilkS") (width 0.12))
    (fp_line (start -4.4 2.45) (end 4.4 2.45) (layer "B.CrtYd") (width 0.05))
    (fp_line (start 4.4 2.45) (end 4.4 -2.1) (layer "B.CrtYd") (width 0.05))
    (fp_line (start 4.4 -2.1) (end 1.65 -2.1) (layer "B.CrtYd") (width 0.05))
    (fp_line (start 1.65 -2.1) (end 1.65 -3.4) (layer "B.CrtYd") (width 0.05))
    (fp_line (start 1.65 -3.4) (end -1.65 -3.4) (layer "B.CrtYd") (width 0.05))
    (fp_line (start -1.65 -3.4) (end -1.65 -2.1) (layer "B.CrtYd") (width 0.05))
    (fp_line (start -1.65 -2.1) (end -4.4 -2.1) (layer "B.CrtYd") (width 0.05))
    (fp_line (start -4.4 -2.1) (end -4.4 2.45) (layer "B.CrtYd") (width 0.05))
    (fp_line (start -1.4 -3.02) (end -1.2 -3.23) (layer "B.SilkS") (width 0.12))
    (fp_line (start -0.1 -3.02) (end -0.3 -3.23) (layer "B.SilkS") (width 0.12))
    (fp_line (start -1.4 -1.73) (end -1.4 -3.02) (layer "B.SilkS") (width 0.12))
    (fp_line (start -1.2 -3.23) (end -0.3 -3.23) (layer "B.SilkS") (width 0.12))
    (fp_line (start -0.1 -3.02) (end -0.1 -1.73) (layer "B.SilkS") (width 0.12))
    (fp_line (start -2.85 -1.73) (end 2.85 -1.73) (layer "B.SilkS") (width 0.12))
    (fp_line (start -1.6 1.12) (end 0.1 1.12) (layer "B.SilkS") (width 0.12))
    (fp_line (start -3.45 0.07) (end -3.45 -0.72) (layer "B.SilkS") (width 0.12))
    (fp_line (start 3.45 -0.72) (end 3.45 0.07) (layer "B.SilkS") (width 0.12))
    (pad "" smd rect (at -3.65 0.78 90) (size 1 0.8) (layers "B.Cu" "B.Paste" "B.Mask") (tstamp 3b20ed60-7ded-4200-8bde-3c20ff10386e))
    (pad "" smd rect (at 3.65 0.78 90) (size 1 0.8) (layers "B.Cu" "B.Paste" "B.Mask") (tstamp df336d73-b478-4e75-8ed8-88db83b49e55))
    (pad "" smd rect (at 3.65 -1.43 90) (size 1 0.8) (layers "B.Cu" "B.Paste" "B.Mask") (tstamp f1a36bae-4450-40b3-98e1-f0814bb7f744))
    (pad "" smd rect (at -3.65 -1.43 90) (size 1 0.8) (layers "B.Cu" "B.Paste" "B.Mask") (tstamp 3604334e-25cf-4906-b1b6-29f7396fedf2))
    (pad "3" smd rect (at 2.25 1.43 90) (size 0.7 1.5) (layers "B.Cu" "B.Paste" "B.Mask")
      (net 8 "/DCDC/5V") (tstamp 90c6f6ca-ae63-4a0c-afbe-932bc2eeaa8a))
    (pad "2" smd rect (at 0.75 1.43 90) (size 0.7 1.5) (layers "B.Cu" "B.Paste" "B.Mask")
      (net 77 "/DCDC/5V_IN") (tstamp aa644a61-8f35-4e17-9c70-7db6e48264a4))
    (pad "1" smd rect (at -2.25 1.43 90) (size 0.7 1.5) (layers "B.Cu" "B.Paste" "B.Mask")
      (net 78 "Net-(SW2-Pad1)") (tstamp 311636e1-ce86-4bbb-bc08-4e70d026d29e))
    (pad "" np_thru_hole circle (at 1.5 -0.33 90) (size 0.9 0.9) (drill 0.9) (layers *.Cu *.Mask) (tstamp 3611ef03-2c31-4aa6-99f4-a1adab59fe81))
    (pad "" np_thru_hole circle (at -1.5 -0.33 90) (size 0.9 0.9) (drill 0.9) (layers *.Cu *.Mask) (tstamp 13d11385-b4ce-4eb8-b115-e1d81684c099))
    (model "${KISYS3DMOD}/Button_Switch_SMD.3dshapes/SW_SPDT_PCM12.wrl"
      (at (xyz 0 0 0))
      (scale (xyz 1 1 1))
      (rotate (xyz 0 0 0))
    )
  )

  (module "Capacitor_SMD:C_0603_1608Metric" (layer "F.Cu") (tedit 5B301BBE) (tstamp 00000000-0000-0000-0000-00005ea030f2)
    (at 137.97 130.69 -90)
    (descr "Capacitor SMD 0603 (1608 Metric), square (rectangular) end terminal, IPC_7351 nominal, (Body size source: http://www.tortai-tech.com/upload/download/2011102023233369053.pdf), generated with kicad-footprint-generator")
    (tags "capacitor")
    (path "/00000000-0000-0000-0000-00005e988213/00000000-0000-0000-0000-00005ea4045c")
    (attr smd)
    (fp_text reference "C25" (at 0 -1.43 90) (layer "F.SilkS")
      (effects (font (size 1 1) (thickness 0.15)))
    )
    (fp_text value "4.7u" (at 2.93 -0.08 90) (layer "F.Fab")
      (effects (font (size 1 1) (thickness 0.15)))
    )
    (fp_line (start -0.8 0.4) (end -0.8 -0.4) (layer "F.Fab") (width 0.1))
    (fp_line (start -0.8 -0.4) (end 0.8 -0.4) (layer "F.Fab") (width 0.1))
    (fp_line (start 0.8 -0.4) (end 0.8 0.4) (layer "F.Fab") (width 0.1))
    (fp_line (start 0.8 0.4) (end -0.8 0.4) (layer "F.Fab") (width 0.1))
    (fp_line (start -0.162779 -0.51) (end 0.162779 -0.51) (layer "F.SilkS") (width 0.12))
    (fp_line (start -0.162779 0.51) (end 0.162779 0.51) (layer "F.SilkS") (width 0.12))
    (fp_line (start -1.48 0.73) (end -1.48 -0.73) (layer "F.CrtYd") (width 0.05))
    (fp_line (start -1.48 -0.73) (end 1.48 -0.73) (layer "F.CrtYd") (width 0.05))
    (fp_line (start 1.48 -0.73) (end 1.48 0.73) (layer "F.CrtYd") (width 0.05))
    (fp_line (start 1.48 0.73) (end -1.48 0.73) (layer "F.CrtYd") (width 0.05))
    (fp_text user "${REFERENCE}" (at 0 0 90) (layer "F.Fab")
      (effects (font (size 0.4 0.4) (thickness 0.06)))
    )
    (pad "2" smd roundrect (at 0.7875 0 270) (size 0.875 0.95) (layers "F.Cu" "F.Paste" "F.Mask") (roundrect_rratio 0.25)
      (net 1 "GND") (tstamp 6a6d723c-5a46-4693-931d-eb6ef1e3d5e3))
    (pad "1" smd roundrect (at -0.7875 0 270) (size 0.875 0.95) (layers "F.Cu" "F.Paste" "F.Mask") (roundrect_rratio 0.25)
      (net 77 "/DCDC/5V_IN") (tstamp ceda6b5a-e86e-4564-b7d2-504087157793))
    (model "${KISYS3DMOD}/Capacitor_SMD.3dshapes/C_0603_1608Metric.wrl"
      (at (xyz 0 0 0))
      (scale (xyz 1 1 1))
      (rotate (xyz 0 0 0))
    )
  )

  (module "Package_DFN_QFN:QFN-48-1EP_7x7mm_P0.5mm_EP5.45x5.45mm_ThermalVias" (layer "F.Cu") (tedit 5E9CAFD6) (tstamp 00000000-0000-0000-0000-00005e9bdf2f)
    (at 169.3 135.45)
    (descr "QFN, 48 Pin (http://www.thatcorp.com/datashts/THAT_626x_Datasheet.pdf), generated with kicad-footprint-generator ipc_noLead_generator.py")
    (tags "QFN NoLead")
    (path "/00000000-0000-0000-0000-00005e98823a/00000000-0000-0000-0000-00005e98b902")
    (solder_mask_margin 0.02)
    (clearance 0.04)
    (attr smd)
    (fp_text reference "U2" (at 0 -4.82) (layer "F.SilkS")
      (effects (font (size 1 1) (thickness 0.15)))
    )
    (fp_text value "ICE40" (at 0.09 2.59 180) (layer "F.Fab")
      (effects (font (size 1 1) (thickness 0.15)))
    )
    (fp_line (start 3.135 -3.61) (end 3.61 -3.61) (layer "F.SilkS") (width 0.12))
    (fp_line (start 3.61 -3.61) (end 3.61 -3.135) (layer "F.SilkS") (width 0.12))
    (fp_line (start -3.135 3.61) (end -3.61 3.61) (layer "F.SilkS") (width 0.12))
    (fp_line (start -3.61 3.61) (end -3.61 3.135) (layer "F.SilkS") (width 0.12))
    (fp_line (start 3.135 3.61) (end 3.61 3.61) (layer "F.SilkS") (width 0.12))
    (fp_line (start 3.61 3.61) (end 3.61 3.135) (layer "F.SilkS") (width 0.12))
    (fp_line (start -3.135 -3.61) (end -3.61 -3.61) (layer "F.SilkS") (width 0.12))
    (fp_line (start -2.5 -3.5) (end 3.5 -3.5) (layer "F.Fab") (width 0.1))
    (fp_line (start 3.5 -3.5) (end 3.5 3.5) (layer "F.Fab") (width 0.1))
    (fp_line (start 3.5 3.5) (end -3.5 3.5) (layer "F.Fab") (width 0.1))
    (fp_line (start -3.5 3.5) (end -3.5 -2.5) (layer "F.Fab") (width 0.1))
    (fp_line (start -3.5 -2.5) (end -2.5 -3.5) (layer "F.Fab") (width 0.1))
    (fp_line (start -4.12 -4.12) (end -4.12 4.12) (layer "F.CrtYd") (width 0.05))
    (fp_line (start -4.12 4.12) (end 4.12 4.12) (layer "F.CrtYd") (width 0.05))
    (fp_line (start 4.12 4.12) (end 4.12 -4.12) (layer "F.CrtYd") (width 0.05))
    (fp_line (start 4.12 -4.12) (end -4.12 -4.12) (layer "F.CrtYd") (width 0.05))
    (fp_text user "${REFERENCE}" (at 0 0) (layer "F.Fab")
      (effects (font (size 1 1) (thickness 0.15)))
    )
    (pad "" smd roundrect (at 1.85625 1.85625) (size 1.098483 1.098483) (layers "F.Paste") (roundrect_rratio 0.227587) (tstamp 508467df-469c-4a57-8d95-663938b5b864))
    (pad "" smd roundrect (at 1.85625 0.61875) (size 1.098483 1.098483) (layers "F.Paste") (roundrect_rratio 0.227587) (tstamp 975093fb-6a22-4016-b3e6-44c1bc306c85))
    (pad "" smd roundrect (at 1.85625 -0.61875) (size 1.098483 1.098483) (layers "F.Paste") (roundrect_rratio 0.227587) (tstamp 57d1f712-cb6b-44c8-904a-82be5ba585fa))
    (pad "" smd roundrect (at 1.85625 -1.85625) (size 1.098483 1.098483) (layers "F.Paste") (roundrect_rratio 0.227587) (tstamp ca816048-28eb-4530-b074-8637f7a2ade6))
    (pad "" smd roundrect (at 0.61875 1.85625) (size 1.098483 1.098483) (layers "F.Paste") (roundrect_rratio 0.227587) (tstamp 378b9004-7981-49cb-b9de-2cf616759f4b))
    (pad "" smd roundrect (at 0.61875 0.61875) (size 1.098483 1.098483) (layers "F.Paste") (roundrect_rratio 0.227587) (tstamp 3148fb96-1ace-44b5-acb5-fb85327cacae))
    (pad "" smd roundrect (at 0.61875 -0.61875) (size 1.098483 1.098483) (layers "F.Paste") (roundrect_rratio 0.227587) (tstamp bfc916d7-4a8d-4bee-b668-abf7aa3ba799))
    (pad "" smd roundrect (at 0.61875 -1.85625) (size 1.098483 1.098483) (layers "F.Paste") (roundrect_rratio 0.227587) (tstamp 3a1d1b06-8177-4905-a3dd-d18fcb9101f7))
    (pad "" smd roundrect (at -0.61875 1.85625) (size 1.098483 1.098483) (layers "F.Paste") (roundrect_rratio 0.227587) (tstamp 8c89fc18-2750-40da-b1fb-b82d1720ddee))
    (pad "" smd roundrect (at -0.61875 0.61875) (size 1.098483 1.098483) (layers "F.Paste") (roundrect_rratio 0.227587) (tstamp 263093d9-c4e4-4470-99e7-c77a5f578180))
    (pad "" smd roundrect (at -0.61875 -0.61875) (size 1.098483 1.098483) (layers "F.Paste") (roundrect_rratio 0.227587) (tstamp ca2d4b05-5c8d-4955-9b82-4a5919e67cd7))
    (pad "" smd roundrect (at -0.61875 -1.85625) (size 1.098483 1.098483) (layers "F.Paste") (roundrect_rratio 0.227587) (tstamp daec11f9-83c9-45db-93b3-199f564b377c))
    (pad "" smd roundrect (at -1.85625 1.85625) (size 1.098483 1.098483) (layers "F.Paste") (roundrect_rratio 0.227587) (tstamp 903f1217-f27a-4f03-87f2-5667d37f0d4e))
    (pad "" smd roundrect (at -1.85625 0.61875) (size 1.098483 1.098483) (layers "F.Paste") (roundrect_rratio 0.227587) (tstamp 929a6b5d-1cd1-4c72-9e27-999dedab3c5a))
    (pad "" smd roundrect (at -1.85625 -0.61875) (size 1.098483 1.098483) (layers "F.Paste") (roundrect_rratio 0.227587) (tstamp 62df0efa-b2ed-4a92-b048-fc8779064d3b))
    (pad "" smd roundrect (at -1.85625 -1.85625) (size 1.098483 1.098483) (layers "F.Paste") (roundrect_rratio 0.227587) (tstamp 5fcbd06d-8cdd-423a-9227-dc2c1d134743))
    (pad "49" smd rect (at 0 0) (size 5.45 5.45) (layers "B.Cu")
      (net 1 "GND") (zone_connect 1) (tstamp d08218bf-0333-4b8c-a8ef-8de18bae590e))
    (pad "49" thru_hole circle (at 2.475 2.475) (size 0.5 0.5) (drill 0.2) (layers *.Cu)
      (net 1 "GND") (tstamp 2d619f64-9f0f-478e-b346-618b3db509ab))
    (pad "49" thru_hole circle (at 1.2375 2.475) (size 0.5 0.5) (drill 0.2) (layers *.Cu)
      (net 1 "GND") (tstamp 7ce68262-abfc-4128-97bc-329cc4131074))
    (pad "49" thru_hole circle (at 0 2.475) (size 0.5 0.5) (drill 0.2) (layers *.Cu)
      (net 1 "GND") (tstamp 2adc0cbc-05ca-4737-8f49-0e4b1b309fb6))
    (pad "49" thru_hole circle (at -1.2375 2.475) (size 0.5 0.5) (drill 0.2) (layers *.Cu)
      (net 1 "GND") (tstamp eb65be23-d61f-4235-ab7d-8de96b82769e))
    (pad "49" thru_hole circle (at -2.475 2.475) (size 0.5 0.5) (drill 0.2) (layers *.Cu)
      (net 1 "GND") (tstamp f391575e-b1f8-413b-bc4f-665c5289d10a))
    (pad "49" thru_hole circle (at 2.475 1.2375) (size 0.5 0.5) (drill 0.2) (layers *.Cu)
      (net 1 "GND") (tstamp e12e07bf-cd59-49d3-836f-dfac213ca59d))
    (pad "49" thru_hole circle (at 1.2375 1.2375) (size 0.5 0.5) (drill 0.2) (layers *.Cu)
      (net 1 "GND") (tstamp ef464123-4c42-48b9-aa3b-e59f8213b82d))
    (pad "49" thru_hole circle (at 0 1.2375) (size 0.5 0.5) (drill 0.2) (layers *.Cu)
      (net 1 "GND") (tstamp e2a09caf-47a6-47d6-bad8-72c74c37992f))
    (pad "49" thru_hole circle (at -1.2375 1.2375) (size 0.5 0.5) (drill 0.2) (layers *.Cu)
      (net 1 "GND") (tstamp 4f54b6c2-22a9-4935-8b56-784a12c6f0a8))
    (pad "49" thru_hole circle (at -2.475 1.2375) (size 0.5 0.5) (drill 0.2) (layers *.Cu)
      (net 1 "GND") (tstamp fb68658d-5e23-468b-a214-45371a3dfa3c))
    (pad "49" thru_hole circle (at 2.475 0) (size 0.5 0.5) (drill 0.2) (layers *.Cu)
      (net 1 "GND") (tstamp dff2b0c2-5dbe-4d9c-a382-716979703c53))
    (pad "49" thru_hole circle (at 1.2375 0) (size 0.5 0.5) (drill 0.2) (layers *.Cu)
      (net 1 "GND") (tstamp 3fbc3788-6270-4fc7-9534-8c809d855bf0))
    (pad "49" thru_hole circle (at 0 0) (size 0.5 0.5) (drill 0.2) (layers *.Cu)
      (net 1 "GND") (tstamp d35ce94c-105a-4594-8a4a-ce44abae1986))
    (pad "49" thru_hole circle (at -1.2375 0) (size 0.5 0.5) (drill 0.2) (layers *.Cu)
      (net 1 "GND") (tstamp 3129790e-833c-4050-a1ed-ddb0d02d3adc))
    (pad "49" thru_hole circle (at -2.475 0) (size 0.5 0.5) (drill 0.2) (layers *.Cu)
      (net 1 "GND") (tstamp 600f528b-df93-4416-8e44-665a79375ef4))
    (pad "49" thru_hole circle (at 2.475 -1.2375) (size 0.5 0.5) (drill 0.2) (layers *.Cu)
      (net 1 "GND") (tstamp c17253b6-b801-4868-9be3-82bfc2b26f39))
    (pad "49" thru_hole circle (at 1.2375 -1.2375) (size 0.5 0.5) (drill 0.2) (layers *.Cu)
      (net 1 "GND") (tstamp 44ee9313-cb43-4269-bc88-e98fc633980d))
