(kicad_pcb (version 20171130) (host pcbnew 5.1.5-52549c5~86~ubuntu18.04.1)

  (general
    (thickness 1.6)
    (drawings 49)
    (tracks 1522)
    (zones 0)
    (modules 59)
    (nets 81)
  )

  (page A4)
  (layers
    (0 F.Cu signal)
    (1 In1.Cu signal)
    (2 In2.Cu signal)
    (31 B.Cu signal)
    (32 B.Adhes user)
    (33 F.Adhes user)
    (34 B.Paste user)
    (35 F.Paste user)
    (36 B.SilkS user)
    (37 F.SilkS user)
    (38 B.Mask user)
    (39 F.Mask user)
    (40 Dwgs.User user)
    (41 Cmts.User user)
    (42 Eco1.User user)
    (43 Eco2.User user)
    (44 Edge.Cuts user)
    (45 Margin user)
    (46 B.CrtYd user)
    (47 F.CrtYd user)
    (48 B.Fab user)
    (49 F.Fab user)
  )

  (setup
    (last_trace_width 0.3)
    (user_trace_width 0.2)
    (user_trace_width 0.3)
    (user_trace_width 0.4)
    (user_trace_width 0.5)
    (trace_clearance 0.2)
    (zone_clearance 0.508)
    (zone_45_only yes)
    (trace_min 0.18)
    (via_size 0.8)
    (via_drill 0.4)
    (via_min_size 0.4)
    (via_min_drill 0.3)
    (user_via 0.6 0.3)
    (uvia_size 0.3)
    (uvia_drill 0.1)
    (uvias_allowed no)
    (uvia_min_size 0.2)
    (uvia_min_drill 0.1)
    (edge_width 0.05)
    (segment_width 0.2)
    (pcb_text_width 0.3)
    (pcb_text_size 1.5 1.5)
    (mod_edge_width 0.12)
    (mod_text_size 1 1)
    (mod_text_width 0.15)
    (pad_size 0.5 0.5)
    (pad_drill 0.2)
    (pad_to_mask_clearance 0.02)
    (solder_mask_min_width 0.04)
    (aux_axis_origin 0 0)
    (visible_elements FFFFFF7F)
    (pcbplotparams
      (layerselection 0x010fc_ffffffff)
      (usegerberextensions true)
      (usegerberattributes false)
      (usegerberadvancedattributes false)
      (creategerberjobfile false)
      (excludeedgelayer true)
      (linewidth 0.100000)
      (plotframeref false)
      (viasonmask false)
      (mode 1)
      (useauxorigin false)
      (hpglpennumber 1)
      (hpglpenspeed 20)
      (hpglpendiameter 15.000000)
      (psnegative false)
      (psa4output false)
      (plotreference true)
      (plotvalue true)
      (plotinvisibletext false)
      (padsonsilk false)
      (subtractmaskfromsilk true)
      (outputformat 1)
      (mirror false)
      (drillshape 0)
      (scaleselection 1)
      (outputdirectory "Gerber/"))
  )

  (net 0 "")
  (net 1 GND)
  (net 2 +3V3)
  (net 3 "Net-(C7-Pad1)")
  (net 4 "Net-(C8-Pad1)")
  (net 5 /MCU/NRST)
  (net 6 "Net-(C10-Pad2)")
  (net 7 "Net-(C11-Pad2)")
  (net 8 /DCDC/5V)
  (net 9 +1V2)
  (net 10 "Net-(D1-Pad2)")
  (net 11 "Net-(D2-Pad2)")
  (net 12 "Net-(D3-Pad2)")
  (net 13 /MCU/GPIO7)
  (net 14 /MCU/GPIO6)
  (net 15 /MCU/GPIO5)
  (net 16 /MCU/GPIO4)
  (net 17 /MCU/GPIO3)
  (net 18 /MCU/GPIO2)
  (net 19 /MCU/GPIO1)
  (net 20 /MCU/GPIO0)
  (net 21 "Net-(J2-Pad4)")
  (net 22 /MCU/MCU_USB_DP)
  (net 23 /MCU/MCU_USB_DM)
  (net 24 /LATTICE_ICE40/RGB2)
  (net 25 /LATTICE_ICE40/RGB1)
  (net 26 /LATTICE_ICE40/RGB0)
  (net 27 /LATTICE_ICE40/IOT_9b)
  (net 28 /LATTICE_ICE40/IOT_8a)
  (net 29 /LATTICE_ICE40/IOT_51a)
  (net 30 /LATTICE_ICE40/IOT_50b)
  (net 31 /LATTICE_ICE40/IOT_49a)
  (net 32 /LATTICE_ICE40/IOT_48b)
  (net 33 /LATTICE_ICE40/IOT_45a)
  (net 34 /LATTICE_ICE40/IOT_44b)
  (net 35 /LATTICE_ICE40/IOT_43a)
  (net 36 /MCU/SWCLK)
  (net 37 /MCU/SWDIO)
  (net 38 "Net-(P1-Pad1)")
  (net 39 /MCU/LED_GREEN)
  (net 40 /MCU/LED_YELLOW)
  (net 41 /MCU/LED_RED)
  (net 42 "Net-(R4-Pad1)")
  (net 43 "Net-(R5-Pad1)")
  (net 44 /DCDC/REG1V2_ON)
  (net 45 /DCDC/PWRGD1V2)
  (net 46 /MCU/BOOT0)
  (net 47 /LATTICE_ICE40/DONE)
  (net 48 /LATTICE_ICE40/RESET)
  (net 49 /LATTICE_ICE40/SPI_MOSI)
  (net 50 /LATTICE_ICE40/SPI_MISO)
  (net 51 /LATTICE_ICE40/SPI_SCK)
  (net 52 "Net-(U1-Pad54)")
  (net 53 /LATTICE_ICE40/AUX5)
  (net 54 /LATTICE_ICE40/SPI_SS)
  (net 55 /LATTICE_ICE40/AUX2)
  (net 56 /LATTICE_ICE40/AUX1)
  (net 57 /LATTICE_ICE40/AUX0)
  (net 58 /LATTICE_ICE40/AUX4)
  (net 59 /LATTICE_ICE40/AUX3)
  (net 60 /LATTICE_ICE40/DAT15)
  (net 61 /LATTICE_ICE40/DAT14)
  (net 62 /LATTICE_ICE40/DAT13)
  (net 63 /LATTICE_ICE40/DAT12)
  (net 64 /LATTICE_ICE40/DAT7)
  (net 65 /LATTICE_ICE40/DAT6)
  (net 66 /LATTICE_ICE40/DAT5)
  (net 67 /LATTICE_ICE40/DAT4)
  (net 68 /LATTICE_ICE40/DAT3)
  (net 69 /LATTICE_ICE40/DAT2)
  (net 70 /LATTICE_ICE40/DAT1)
  (net 71 /LATTICE_ICE40/DAT0)
  (net 72 /LATTICE_ICE40/DAT11)
  (net 73 /LATTICE_ICE40/DAT10)
  (net 74 /LATTICE_ICE40/DAT9)
  (net 75 /LATTICE_ICE40/DAT8)
  (net 76 /LATTICE_ICE40/CLK_100MHz)
  (net 77 /DCDC/5V_IN)
  (net 78 "Net-(SW2-Pad1)")
  (net 79 "Net-(U1-Pad27)")
  (net 80 "Net-(U1-Pad26)")

  (net_class Default "This is the default net class."
    (clearance 0.2)
    (trace_width 0.25)
    (via_dia 0.8)
    (via_drill 0.4)
    (uvia_dia 0.3)
    (uvia_drill 0.1)
    (add_net +1V2)
    (add_net +3V3)
    (add_net /DCDC/5V)
    (add_net /DCDC/5V_IN)
    (add_net /DCDC/PWRGD1V2)
    (add_net /DCDC/REG1V2_ON)
    (add_net /LATTICE_ICE40/AUX0)
    (add_net /LATTICE_ICE40/AUX1)
    (add_net /LATTICE_ICE40/AUX2)
    (add_net /LATTICE_ICE40/AUX3)
    (add_net /LATTICE_ICE40/AUX4)
    (add_net /LATTICE_ICE40/AUX5)
    (add_net /LATTICE_ICE40/CLK_100MHz)
    (add_net /LATTICE_ICE40/DAT0)
    (add_net /LATTICE_ICE40/DAT1)
    (add_net /LATTICE_ICE40/DAT10)
    (add_net /LATTICE_ICE40/DAT11)
    (add_net /LATTICE_ICE40/DAT12)
    (add_net /LATTICE_ICE40/DAT13)
    (add_net /LATTICE_ICE40/DAT14)
    (add_net /LATTICE_ICE40/DAT15)
    (add_net /LATTICE_ICE40/DAT2)
    (add_net /LATTICE_ICE40/DAT3)
    (add_net /LATTICE_ICE40/DAT4)
    (add_net /LATTICE_ICE40/DAT5)
    (add_net /LATTICE_ICE40/DAT6)
    (add_net /LATTICE_ICE40/DAT7)
    (add_net /LATTICE_ICE40/DAT8)
    (add_net /LATTICE_ICE40/DAT9)
    (add_net /LATTICE_ICE40/DONE)
    (add_net /LATTICE_ICE40/IOT_43a)
    (add_net /LATTICE_ICE40/IOT_44b)
    (add_net /LATTICE_ICE40/IOT_45a)
    (add_net /LATTICE_ICE40/IOT_48b)
    (add_net /LATTICE_ICE40/IOT_49a)
    (add_net /LATTICE_ICE40/IOT_50b)
    (add_net /LATTICE_ICE40/IOT_51a)
    (add_net /LATTICE_ICE40/IOT_8a)
    (add_net /LATTICE_ICE40/IOT_9b)
    (add_net /LATTICE_ICE40/RESET)
    (add_net /LATTICE_ICE40/RGB0)
    (add_net /LATTICE_ICE40/RGB1)
    (add_net /LATTICE_ICE40/RGB2)
    (add_net /LATTICE_ICE40/SPI_MISO)
    (add_net /LATTICE_ICE40/SPI_MOSI)
    (add_net /LATTICE_ICE40/SPI_SCK)
    (add_net /LATTICE_ICE40/SPI_SS)
    (add_net /MCU/BOOT0)
    (add_net /MCU/GPIO0)
    (add_net /MCU/GPIO1)
    (add_net /MCU/GPIO2)
    (add_net /MCU/GPIO3)
    (add_net /MCU/GPIO4)
    (add_net /MCU/GPIO5)
    (add_net /MCU/GPIO6)
    (add_net /MCU/GPIO7)
    (add_net /MCU/LED_GREEN)
    (add_net /MCU/LED_RED)
    (add_net /MCU/LED_YELLOW)
    (add_net /MCU/MCU_USB_DM)
    (add_net /MCU/MCU_USB_DP)
    (add_net /MCU/NRST)
    (add_net /MCU/SWCLK)
    (add_net /MCU/SWDIO)
    (add_net GND)
    (add_net "Net-(C10-Pad2)")
    (add_net "Net-(C11-Pad2)")
    (add_net "Net-(C7-Pad1)")
    (add_net "Net-(C8-Pad1)")
    (add_net "Net-(D1-Pad2)")
    (add_net "Net-(D2-Pad2)")
    (add_net "Net-(D3-Pad2)")
    (add_net "Net-(J2-Pad4)")
    (add_net "Net-(P1-Pad1)")
    (add_net "Net-(R4-Pad1)")
    (add_net "Net-(R5-Pad1)")
    (add_net "Net-(SW2-Pad1)")
    (add_net "Net-(U1-Pad26)")
    (add_net "Net-(U1-Pad27)")
    (add_net "Net-(U1-Pad54)")
  )

  (module Capacitor_SMD:C_0603_1608Metric (layer B.Cu) (tedit 5B301BBE) (tstamp 5EB68FD0)
    (at 146.95 123.97 270)
    (descr "Capacitor SMD 0603 (1608 Metric), square (rectangular) end terminal, IPC_7351 nominal, (Body size source: http://www.tortai-tech.com/upload/download/2011102023233369053.pdf), generated with kicad-footprint-generator")
    (tags capacitor)
    (path /5E988213/5EA2FABC)
    (attr smd)
    (fp_text reference C28 (at 0 1.43 90) (layer B.SilkS)
      (effects (font (size 1 1) (thickness 0.15)) (justify mirror))
    )
    (fp_text value 4.7u (at 0 -1.43 90) (layer B.Fab)
      (effects (font (size 1 1) (thickness 0.15)) (justify mirror))
    )
    (fp_text user %R (at 0 0 90) (layer B.Fab)
      (effects (font (size 0.4 0.4) (thickness 0.06)) (justify mirror))
    )
    (fp_line (start 1.48 -0.73) (end -1.48 -0.73) (layer B.CrtYd) (width 0.05))
    (fp_line (start 1.48 0.73) (end 1.48 -0.73) (layer B.CrtYd) (width 0.05))
    (fp_line (start -1.48 0.73) (end 1.48 0.73) (layer B.CrtYd) (width 0.05))
    (fp_line (start -1.48 -0.73) (end -1.48 0.73) (layer B.CrtYd) (width 0.05))
    (fp_line (start -0.162779 -0.51) (end 0.162779 -0.51) (layer B.SilkS) (width 0.12))
    (fp_line (start -0.162779 0.51) (end 0.162779 0.51) (layer B.SilkS) (width 0.12))
    (fp_line (start 0.8 -0.4) (end -0.8 -0.4) (layer B.Fab) (width 0.1))
    (fp_line (start 0.8 0.4) (end 0.8 -0.4) (layer B.Fab) (width 0.1))
    (fp_line (start -0.8 0.4) (end 0.8 0.4) (layer B.Fab) (width 0.1))
    (fp_line (start -0.8 -0.4) (end -0.8 0.4) (layer B.Fab) (width 0.1))
    (pad 2 smd roundrect (at 0.7875 0 270) (size 0.875 0.95) (layers B.Cu B.Paste B.Mask) (roundrect_rratio 0.25)
      (net 1 GND))
    (pad 1 smd roundrect (at -0.7875 0 270) (size 0.875 0.95) (layers B.Cu B.Paste B.Mask) (roundrect_rratio 0.25)
      (net 9 +1V2))
    (model ${KISYS3DMOD}/Capacitor_SMD.3dshapes/C_0603_1608Metric.wrl
      (at (xyz 0 0 0))
      (scale (xyz 1 1 1))
      (rotate (xyz 0 0 0))
    )
  )

  (module Capacitor_SMD:C_0603_1608Metric (layer B.Cu) (tedit 5B301BBE) (tstamp 5EB68FBF)
    (at 145.49 123.96 270)
    (descr "Capacitor SMD 0603 (1608 Metric), square (rectangular) end terminal, IPC_7351 nominal, (Body size source: http://www.tortai-tech.com/upload/download/2011102023233369053.pdf), generated with kicad-footprint-generator")
    (tags capacitor)
    (path /5E988213/5EA2F64D)
    (attr smd)
    (fp_text reference C27 (at 0 1.43 90) (layer B.SilkS)
      (effects (font (size 1 1) (thickness 0.15)) (justify mirror))
    )
    (fp_text value 4.7u (at 0 -1.43 90) (layer B.Fab)
      (effects (font (size 1 1) (thickness 0.15)) (justify mirror))
    )
    (fp_text user %R (at 0 0 90) (layer B.Fab)
      (effects (font (size 0.4 0.4) (thickness 0.06)) (justify mirror))
    )
    (fp_line (start 1.48 -0.73) (end -1.48 -0.73) (layer B.CrtYd) (width 0.05))
    (fp_line (start 1.48 0.73) (end 1.48 -0.73) (layer B.CrtYd) (width 0.05))
    (fp_line (start -1.48 0.73) (end 1.48 0.73) (layer B.CrtYd) (width 0.05))
    (fp_line (start -1.48 -0.73) (end -1.48 0.73) (layer B.CrtYd) (width 0.05))
    (fp_line (start -0.162779 -0.51) (end 0.162779 -0.51) (layer B.SilkS) (width 0.12))
    (fp_line (start -0.162779 0.51) (end 0.162779 0.51) (layer B.SilkS) (width 0.12))
    (fp_line (start 0.8 -0.4) (end -0.8 -0.4) (layer B.Fab) (width 0.1))
    (fp_line (start 0.8 0.4) (end 0.8 -0.4) (layer B.Fab) (width 0.1))
    (fp_line (start -0.8 0.4) (end 0.8 0.4) (layer B.Fab) (width 0.1))
    (fp_line (start -0.8 -0.4) (end -0.8 0.4) (layer B.Fab) (width 0.1))
    (pad 2 smd roundrect (at 0.7875 0 270) (size 0.875 0.95) (layers B.Cu B.Paste B.Mask) (roundrect_rratio 0.25)
      (net 1 GND))
    (pad 1 smd roundrect (at -0.7875 0 270) (size 0.875 0.95) (layers B.Cu B.Paste B.Mask) (roundrect_rratio 0.25)
      (net 9 +1V2))
    (model ${KISYS3DMOD}/Capacitor_SMD.3dshapes/C_0603_1608Metric.wrl
      (at (xyz 0 0 0))
      (scale (xyz 1 1 1))
      (rotate (xyz 0 0 0))
    )
  )

  (module Capacitor_SMD:C_0603_1608Metric (layer F.Cu) (tedit 5B301BBE) (tstamp 5EB68E8E)
    (at 143.01 145.1 180)
    (descr "Capacitor SMD 0603 (1608 Metric), square (rectangular) end terminal, IPC_7351 nominal, (Body size source: http://www.tortai-tech.com/upload/download/2011102023233369053.pdf), generated with kicad-footprint-generator")
    (tags capacitor)
    (path /5E988213/5EA248DA)
    (attr smd)
    (fp_text reference C17 (at 0 -1.43) (layer F.SilkS)
      (effects (font (size 1 1) (thickness 0.15)))
    )
    (fp_text value 4.7u (at 0 1.43) (layer F.Fab)
      (effects (font (size 1 1) (thickness 0.15)))
    )
    (fp_text user %R (at 0 0) (layer F.Fab)
      (effects (font (size 0.4 0.4) (thickness 0.06)))
    )
    (fp_line (start 1.48 0.73) (end -1.48 0.73) (layer F.CrtYd) (width 0.05))
    (fp_line (start 1.48 -0.73) (end 1.48 0.73) (layer F.CrtYd) (width 0.05))
    (fp_line (start -1.48 -0.73) (end 1.48 -0.73) (layer F.CrtYd) (width 0.05))
    (fp_line (start -1.48 0.73) (end -1.48 -0.73) (layer F.CrtYd) (width 0.05))
    (fp_line (start -0.162779 0.51) (end 0.162779 0.51) (layer F.SilkS) (width 0.12))
    (fp_line (start -0.162779 -0.51) (end 0.162779 -0.51) (layer F.SilkS) (width 0.12))
    (fp_line (start 0.8 0.4) (end -0.8 0.4) (layer F.Fab) (width 0.1))
    (fp_line (start 0.8 -0.4) (end 0.8 0.4) (layer F.Fab) (width 0.1))
    (fp_line (start -0.8 -0.4) (end 0.8 -0.4) (layer F.Fab) (width 0.1))
    (fp_line (start -0.8 0.4) (end -0.8 -0.4) (layer F.Fab) (width 0.1))
    (pad 2 smd roundrect (at 0.7875 0 180) (size 0.875 0.95) (layers F.Cu F.Paste F.Mask) (roundrect_rratio 0.25)
      (net 1 GND))
    (pad 1 smd roundrect (at -0.7875 0 180) (size 0.875 0.95) (layers F.Cu F.Paste F.Mask) (roundrect_rratio 0.25)
      (net 2 +3V3))
    (model ${KISYS3DMOD}/Capacitor_SMD.3dshapes/C_0603_1608Metric.wrl
      (at (xyz 0 0 0))
      (scale (xyz 1 1 1))
      (rotate (xyz 0 0 0))
    )
  )

  (module Capacitor_SMD:C_0603_1608Metric (layer F.Cu) (tedit 5B301BBE) (tstamp 5EB68E7D)
    (at 145.49 123.9675 270)
    (descr "Capacitor SMD 0603 (1608 Metric), square (rectangular) end terminal, IPC_7351 nominal, (Body size source: http://www.tortai-tech.com/upload/download/2011102023233369053.pdf), generated with kicad-footprint-generator")
    (tags capacitor)
    (path /5E988213/5EA24FB5)
    (attr smd)
    (fp_text reference C16 (at 0 -1.43 90) (layer F.SilkS)
      (effects (font (size 1 1) (thickness 0.15)))
    )
    (fp_text value 4.7u (at 0 1.43 90) (layer F.Fab)
      (effects (font (size 1 1) (thickness 0.15)))
    )
    (fp_text user %R (at 0 0 90) (layer F.Fab)
      (effects (font (size 0.4 0.4) (thickness 0.06)))
    )
    (fp_line (start 1.48 0.73) (end -1.48 0.73) (layer F.CrtYd) (width 0.05))
    (fp_line (start 1.48 -0.73) (end 1.48 0.73) (layer F.CrtYd) (width 0.05))
    (fp_line (start -1.48 -0.73) (end 1.48 -0.73) (layer F.CrtYd) (width 0.05))
    (fp_line (start -1.48 0.73) (end -1.48 -0.73) (layer F.CrtYd) (width 0.05))
    (fp_line (start -0.162779 0.51) (end 0.162779 0.51) (layer F.SilkS) (width 0.12))
    (fp_line (start -0.162779 -0.51) (end 0.162779 -0.51) (layer F.SilkS) (width 0.12))
    (fp_line (start 0.8 0.4) (end -0.8 0.4) (layer F.Fab) (width 0.1))
    (fp_line (start 0.8 -0.4) (end 0.8 0.4) (layer F.Fab) (width 0.1))
    (fp_line (start -0.8 -0.4) (end 0.8 -0.4) (layer F.Fab) (width 0.1))
    (fp_line (start -0.8 0.4) (end -0.8 -0.4) (layer F.Fab) (width 0.1))
    (pad 2 smd roundrect (at 0.7875 0 270) (size 0.875 0.95) (layers F.Cu F.Paste F.Mask) (roundrect_rratio 0.25)
      (net 1 GND))
    (pad 1 smd roundrect (at -0.7875 0 270) (size 0.875 0.95) (layers F.Cu F.Paste F.Mask) (roundrect_rratio 0.25)
      (net 9 +1V2))
    (model ${KISYS3DMOD}/Capacitor_SMD.3dshapes/C_0603_1608Metric.wrl
      (at (xyz 0 0 0))
      (scale (xyz 1 1 1))
      (rotate (xyz 0 0 0))
    )
  )

  (module Resistor_SMD:R_0603_1608Metric (layer B.Cu) (tedit 5B301BBD) (tstamp 5EA1D2B1)
    (at 162.12 131.97 180)
    (descr "Resistor SMD 0603 (1608 Metric), square (rectangular) end terminal, IPC_7351 nominal, (Body size source: http://www.tortai-tech.com/upload/download/2011102023233369053.pdf), generated with kicad-footprint-generator")
    (tags resistor)
    (path /5E98823A/5EA3656D)
    (attr smd)
    (fp_text reference R10 (at 0 1.43) (layer B.SilkS)
      (effects (font (size 1 1) (thickness 0.15)) (justify mirror))
    )
    (fp_text value 10K (at 0 -1.43) (layer B.Fab)
      (effects (font (size 1 1) (thickness 0.15)) (justify mirror))
    )
    (fp_text user %R (at 0 0) (layer B.Fab)
      (effects (font (size 0.4 0.4) (thickness 0.06)) (justify mirror))
    )
    (fp_line (start 1.48 -0.73) (end -1.48 -0.73) (layer B.CrtYd) (width 0.05))
    (fp_line (start 1.48 0.73) (end 1.48 -0.73) (layer B.CrtYd) (width 0.05))
    (fp_line (start -1.48 0.73) (end 1.48 0.73) (layer B.CrtYd) (width 0.05))
    (fp_line (start -1.48 -0.73) (end -1.48 0.73) (layer B.CrtYd) (width 0.05))
    (fp_line (start -0.162779 -0.51) (end 0.162779 -0.51) (layer B.SilkS) (width 0.12))
    (fp_line (start -0.162779 0.51) (end 0.162779 0.51) (layer B.SilkS) (width 0.12))
    (fp_line (start 0.8 -0.4) (end -0.8 -0.4) (layer B.Fab) (width 0.1))
    (fp_line (start 0.8 0.4) (end 0.8 -0.4) (layer B.Fab) (width 0.1))
    (fp_line (start -0.8 0.4) (end 0.8 0.4) (layer B.Fab) (width 0.1))
    (fp_line (start -0.8 -0.4) (end -0.8 0.4) (layer B.Fab) (width 0.1))
    (pad 2 smd roundrect (at 0.7875 0 180) (size 0.875 0.95) (layers B.Cu B.Paste B.Mask) (roundrect_rratio 0.25)
      (net 47 /LATTICE_ICE40/DONE))
    (pad 1 smd roundrect (at -0.7875 0 180) (size 0.875 0.95) (layers B.Cu B.Paste B.Mask) (roundrect_rratio 0.25)
      (net 2 +3V3))
    (model ${KISYS3DMOD}/Resistor_SMD.3dshapes/R_0603_1608Metric.wrl
      (at (xyz 0 0 0))
      (scale (xyz 1 1 1))
      (rotate (xyz 0 0 0))
    )
  )

  (module Resistor_SMD:R_0603_1608Metric (layer F.Cu) (tedit 5B301BBD) (tstamp 5EA22E08)
    (at 174.33 144.91 90)
    (descr "Resistor SMD 0603 (1608 Metric), square (rectangular) end terminal, IPC_7351 nominal, (Body size source: http://www.tortai-tech.com/upload/download/2011102023233369053.pdf), generated with kicad-footprint-generator")
    (tags resistor)
    (path /5E98823A/5EA408B3)
    (attr smd)
    (fp_text reference R9 (at 0.27 1.54 90) (layer F.SilkS)
      (effects (font (size 1 1) (thickness 0.15)))
    )
    (fp_text value 10K (at 0 1.43 90) (layer F.Fab)
      (effects (font (size 1 1) (thickness 0.15)))
    )
    (fp_text user %R (at 0 0 90) (layer F.Fab)
      (effects (font (size 0.4 0.4) (thickness 0.06)))
    )
    (fp_line (start 1.48 0.73) (end -1.48 0.73) (layer F.CrtYd) (width 0.05))
    (fp_line (start 1.48 -0.73) (end 1.48 0.73) (layer F.CrtYd) (width 0.05))
    (fp_line (start -1.48 -0.73) (end 1.48 -0.73) (layer F.CrtYd) (width 0.05))
    (fp_line (start -1.48 0.73) (end -1.48 -0.73) (layer F.CrtYd) (width 0.05))
    (fp_line (start -0.162779 0.51) (end 0.162779 0.51) (layer F.SilkS) (width 0.12))
    (fp_line (start -0.162779 -0.51) (end 0.162779 -0.51) (layer F.SilkS) (width 0.12))
    (fp_line (start 0.8 0.4) (end -0.8 0.4) (layer F.Fab) (width 0.1))
    (fp_line (start 0.8 -0.4) (end 0.8 0.4) (layer F.Fab) (width 0.1))
    (fp_line (start -0.8 -0.4) (end 0.8 -0.4) (layer F.Fab) (width 0.1))
    (fp_line (start -0.8 0.4) (end -0.8 -0.4) (layer F.Fab) (width 0.1))
    (pad 2 smd roundrect (at 0.7875 0 90) (size 0.875 0.95) (layers F.Cu F.Paste F.Mask) (roundrect_rratio 0.25)
      (net 1 GND))
    (pad 1 smd roundrect (at -0.7875 0 90) (size 0.875 0.95) (layers F.Cu F.Paste F.Mask) (roundrect_rratio 0.25)
      (net 54 /LATTICE_ICE40/SPI_SS))
    (model ${KISYS3DMOD}/Resistor_SMD.3dshapes/R_0603_1608Metric.wrl
      (at (xyz 0 0 0))
      (scale (xyz 1 1 1))
      (rotate (xyz 0 0 0))
    )
  )

  (module Resistor_SMD:R_0603_1608Metric (layer B.Cu) (tedit 5B301BBD) (tstamp 5EA1D7F0)
    (at 162.12 130.51 180)
    (descr "Resistor SMD 0603 (1608 Metric), square (rectangular) end terminal, IPC_7351 nominal, (Body size source: http://www.tortai-tech.com/upload/download/2011102023233369053.pdf), generated with kicad-footprint-generator")
    (tags resistor)
    (path /5E98823A/5EA31740)
    (attr smd)
    (fp_text reference R6 (at 0 1.43) (layer B.SilkS)
      (effects (font (size 1 1) (thickness 0.15)) (justify mirror))
    )
    (fp_text value 10K (at 0 -1.43) (layer B.Fab)
      (effects (font (size 1 1) (thickness 0.15)) (justify mirror))
    )
    (fp_text user %R (at 0 0) (layer B.Fab)
      (effects (font (size 0.4 0.4) (thickness 0.06)) (justify mirror))
    )
    (fp_line (start 1.48 -0.73) (end -1.48 -0.73) (layer B.CrtYd) (width 0.05))
    (fp_line (start 1.48 0.73) (end 1.48 -0.73) (layer B.CrtYd) (width 0.05))
    (fp_line (start -1.48 0.73) (end 1.48 0.73) (layer B.CrtYd) (width 0.05))
    (fp_line (start -1.48 -0.73) (end -1.48 0.73) (layer B.CrtYd) (width 0.05))
    (fp_line (start -0.162779 -0.51) (end 0.162779 -0.51) (layer B.SilkS) (width 0.12))
    (fp_line (start -0.162779 0.51) (end 0.162779 0.51) (layer B.SilkS) (width 0.12))
    (fp_line (start 0.8 -0.4) (end -0.8 -0.4) (layer B.Fab) (width 0.1))
    (fp_line (start 0.8 0.4) (end 0.8 -0.4) (layer B.Fab) (width 0.1))
    (fp_line (start -0.8 0.4) (end 0.8 0.4) (layer B.Fab) (width 0.1))
    (fp_line (start -0.8 -0.4) (end -0.8 0.4) (layer B.Fab) (width 0.1))
    (pad 2 smd roundrect (at 0.7875 0 180) (size 0.875 0.95) (layers B.Cu B.Paste B.Mask) (roundrect_rratio 0.25)
      (net 48 /LATTICE_ICE40/RESET))
    (pad 1 smd roundrect (at -0.7875 0 180) (size 0.875 0.95) (layers B.Cu B.Paste B.Mask) (roundrect_rratio 0.25)
      (net 2 +3V3))
    (model ${KISYS3DMOD}/Resistor_SMD.3dshapes/R_0603_1608Metric.wrl
      (at (xyz 0 0 0))
      (scale (xyz 1 1 1))
      (rotate (xyz 0 0 0))
    )
  )

  (module Capacitor_SMD:C_0603_1608Metric (layer F.Cu) (tedit 5B301BBE) (tstamp 5EA18A65)
    (at 146.95 123.96 90)
    (descr "Capacitor SMD 0603 (1608 Metric), square (rectangular) end terminal, IPC_7351 nominal, (Body size source: http://www.tortai-tech.com/upload/download/2011102023233369053.pdf), generated with kicad-footprint-generator")
    (tags capacitor)
    (path /5E988213/5EA1D6AA)
    (attr smd)
    (fp_text reference C26 (at 0.14 2.72 90) (layer F.SilkS)
      (effects (font (size 1 1) (thickness 0.15)))
    )
    (fp_text value 0.1u (at 0 1.43 90) (layer F.Fab)
      (effects (font (size 1 1) (thickness 0.15)))
    )
    (fp_text user %R (at 0 0 90) (layer F.Fab)
      (effects (font (size 0.4 0.4) (thickness 0.06)))
    )
    (fp_line (start 1.48 0.73) (end -1.48 0.73) (layer F.CrtYd) (width 0.05))
    (fp_line (start 1.48 -0.73) (end 1.48 0.73) (layer F.CrtYd) (width 0.05))
    (fp_line (start -1.48 -0.73) (end 1.48 -0.73) (layer F.CrtYd) (width 0.05))
    (fp_line (start -1.48 0.73) (end -1.48 -0.73) (layer F.CrtYd) (width 0.05))
    (fp_line (start -0.162779 0.51) (end 0.162779 0.51) (layer F.SilkS) (width 0.12))
    (fp_line (start -0.162779 -0.51) (end 0.162779 -0.51) (layer F.SilkS) (width 0.12))
    (fp_line (start 0.8 0.4) (end -0.8 0.4) (layer F.Fab) (width 0.1))
    (fp_line (start 0.8 -0.4) (end 0.8 0.4) (layer F.Fab) (width 0.1))
    (fp_line (start -0.8 -0.4) (end 0.8 -0.4) (layer F.Fab) (width 0.1))
    (fp_line (start -0.8 0.4) (end -0.8 -0.4) (layer F.Fab) (width 0.1))
    (pad 2 smd roundrect (at 0.7875 0 90) (size 0.875 0.95) (layers F.Cu F.Paste F.Mask) (roundrect_rratio 0.25)
      (net 9 +1V2))
    (pad 1 smd roundrect (at -0.7875 0 90) (size 0.875 0.95) (layers F.Cu F.Paste F.Mask) (roundrect_rratio 0.25)
      (net 1 GND))
    (model ${KISYS3DMOD}/Capacitor_SMD.3dshapes/C_0603_1608Metric.wrl
      (at (xyz 0 0 0))
      (scale (xyz 1 1 1))
      (rotate (xyz 0 0 0))
    )
  )

  (module Button_Switch_SMD:SW_SPDT_PCM12 (layer B.Cu) (tedit 5A02FC95) (tstamp 5EA01E0A)
    (at 129.86 136.56 90)
    (descr "Ultraminiature Surface Mount Slide Switch, right-angle, https://www.ckswitches.com/media/1424/pcm.pdf")
    (path /5E988213/5EA4044B)
    (attr smd)
    (fp_text reference SW2 (at 0.19 5.04 90) (layer B.SilkS)
      (effects (font (size 1 1) (thickness 0.15)) (justify mirror))
    )
    (fp_text value USB_POWER (at 0 -4.25 90) (layer B.Fab)
      (effects (font (size 1 1) (thickness 0.15)) (justify mirror))
    )
    (fp_line (start 3.45 -0.72) (end 3.45 0.07) (layer B.SilkS) (width 0.12))
    (fp_line (start -3.45 0.07) (end -3.45 -0.72) (layer B.SilkS) (width 0.12))
    (fp_line (start -1.6 1.12) (end 0.1 1.12) (layer B.SilkS) (width 0.12))
    (fp_line (start -2.85 -1.73) (end 2.85 -1.73) (layer B.SilkS) (width 0.12))
    (fp_line (start -0.1 -3.02) (end -0.1 -1.73) (layer B.SilkS) (width 0.12))
    (fp_line (start -1.2 -3.23) (end -0.3 -3.23) (layer B.SilkS) (width 0.12))
    (fp_line (start -1.4 -1.73) (end -1.4 -3.02) (layer B.SilkS) (width 0.12))
    (fp_line (start -0.1 -3.02) (end -0.3 -3.23) (layer B.SilkS) (width 0.12))
    (fp_line (start -1.4 -3.02) (end -1.2 -3.23) (layer B.SilkS) (width 0.12))
    (fp_line (start -4.4 -2.1) (end -4.4 2.45) (layer B.CrtYd) (width 0.05))
    (fp_line (start -1.65 -2.1) (end -4.4 -2.1) (layer B.CrtYd) (width 0.05))
    (fp_line (start -1.65 -3.4) (end -1.65 -2.1) (layer B.CrtYd) (width 0.05))
    (fp_line (start 1.65 -3.4) (end -1.65 -3.4) (layer B.CrtYd) (width 0.05))
    (fp_line (start 1.65 -2.1) (end 1.65 -3.4) (layer B.CrtYd) (width 0.05))
    (fp_line (start 4.4 -2.1) (end 1.65 -2.1) (layer B.CrtYd) (width 0.05))
    (fp_line (start 4.4 2.45) (end 4.4 -2.1) (layer B.CrtYd) (width 0.05))
    (fp_line (start -4.4 2.45) (end 4.4 2.45) (layer B.CrtYd) (width 0.05))
    (fp_line (start 1.4 1.12) (end 1.6 1.12) (layer B.SilkS) (width 0.12))
    (fp_line (start 3.35 1) (end -3.35 1) (layer B.Fab) (width 0.1))
    (fp_line (start 3.35 -1.6) (end 3.35 1) (layer B.Fab) (width 0.1))
    (fp_line (start -3.35 -1.6) (end 3.35 -1.6) (layer B.Fab) (width 0.1))
    (fp_line (start -3.35 1) (end -3.35 -1.6) (layer B.Fab) (width 0.1))
    (fp_line (start -0.1 -2.9) (end -0.1 -1.6) (layer B.Fab) (width 0.1))
    (fp_line (start -0.15 -2.95) (end -0.1 -2.9) (layer B.Fab) (width 0.1))
    (fp_line (start -0.35 -3.15) (end -0.15 -2.95) (layer B.Fab) (width 0.1))
    (fp_line (start -1.2 -3.15) (end -0.35 -3.15) (layer B.Fab) (width 0.1))
    (fp_line (start -1.4 -2.95) (end -1.2 -3.15) (layer B.Fab) (width 0.1))
    (fp_line (start -1.4 -1.65) (end -1.4 -2.95) (layer B.Fab) (width 0.1))
    (fp_text user %R (at 0 3.2 90) (layer B.Fab)
      (effects (font (size 1 1) (thickness 0.15)) (justify mirror))
    )
    (pad "" smd rect (at -3.65 0.78 90) (size 1 0.8) (layers B.Cu B.Paste B.Mask))
    (pad "" smd rect (at 3.65 0.78 90) (size 1 0.8) (layers B.Cu B.Paste B.Mask))
    (pad "" smd rect (at 3.65 -1.43 90) (size 1 0.8) (layers B.Cu B.Paste B.Mask))
    (pad "" smd rect (at -3.65 -1.43 90) (size 1 0.8) (layers B.Cu B.Paste B.Mask))
    (pad 3 smd rect (at 2.25 1.43 90) (size 0.7 1.5) (layers B.Cu B.Paste B.Mask)
      (net 8 /DCDC/5V))
    (pad 2 smd rect (at 0.75 1.43 90) (size 0.7 1.5) (layers B.Cu B.Paste B.Mask)
      (net 77 /DCDC/5V_IN))
    (pad 1 smd rect (at -2.25 1.43 90) (size 0.7 1.5) (layers B.Cu B.Paste B.Mask)
      (net 78 "Net-(SW2-Pad1)"))
    (pad "" np_thru_hole circle (at 1.5 -0.33 90) (size 0.9 0.9) (drill 0.9) (layers *.Cu *.Mask))
    (pad "" np_thru_hole circle (at -1.5 -0.33 90) (size 0.9 0.9) (drill 0.9) (layers *.Cu *.Mask))
    (model ${KISYS3DMOD}/Button_Switch_SMD.3dshapes/SW_SPDT_PCM12.wrl
      (at (xyz 0 0 0))
      (scale (xyz 1 1 1))
      (rotate (xyz 0 0 0))
    )
  )

  (module Capacitor_SMD:C_0603_1608Metric (layer F.Cu) (tedit 5B301BBE) (tstamp 5EA030F2)
    (at 137.97 130.69 270)
    (descr "Capacitor SMD 0603 (1608 Metric), square (rectangular) end terminal, IPC_7351 nominal, (Body size source: http://www.tortai-tech.com/upload/download/2011102023233369053.pdf), generated with kicad-footprint-generator")
    (tags capacitor)
    (path /5E988213/5EA4045C)
    (attr smd)
    (fp_text reference C25 (at 0 -1.43 90) (layer F.SilkS)
      (effects (font (size 1 1) (thickness 0.15)))
    )
    (fp_text value 4.7u (at 0 1.43 90) (layer F.Fab)
      (effects (font (size 1 1) (thickness 0.15)))
    )
    (fp_text user %R (at 0 0 90) (layer F.Fab)
      (effects (font (size 0.4 0.4) (thickness 0.06)))
    )
    (fp_line (start 1.48 0.73) (end -1.48 0.73) (layer F.CrtYd) (width 0.05))
    (fp_line (start 1.48 -0.73) (end 1.48 0.73) (layer F.CrtYd) (width 0.05))
    (fp_line (start -1.48 -0.73) (end 1.48 -0.73) (layer F.CrtYd) (width 0.05))
    (fp_line (start -1.48 0.73) (end -1.48 -0.73) (layer F.CrtYd) (width 0.05))
    (fp_line (start -0.162779 0.51) (end 0.162779 0.51) (layer F.SilkS) (width 0.12))
    (fp_line (start -0.162779 -0.51) (end 0.162779 -0.51) (layer F.SilkS) (width 0.12))
    (fp_line (start 0.8 0.4) (end -0.8 0.4) (layer F.Fab) (width 0.1))
    (fp_line (start 0.8 -0.4) (end 0.8 0.4) (layer F.Fab) (width 0.1))
    (fp_line (start -0.8 -0.4) (end 0.8 -0.4) (layer F.Fab) (width 0.1))
    (fp_line (start -0.8 0.4) (end -0.8 -0.4) (layer F.Fab) (width 0.1))
    (pad 2 smd roundrect (at 0.7875 0 270) (size 0.875 0.95) (layers F.Cu F.Paste F.Mask) (roundrect_rratio 0.25)
      (net 1 GND))
    (pad 1 smd roundrect (at -0.7875 0 270) (size 0.875 0.95) (layers F.Cu F.Paste F.Mask) (roundrect_rratio 0.25)
      (net 77 /DCDC/5V_IN))
    (model ${KISYS3DMOD}/Capacitor_SMD.3dshapes/C_0603_1608Metric.wrl
      (at (xyz 0 0 0))
      (scale (xyz 1 1 1))
      (rotate (xyz 0 0 0))
    )
  )

  (module Package_DFN_QFN:QFN-48-1EP_7x7mm_P0.5mm_EP5.45x5.45mm_ThermalVias (layer F.Cu) (tedit 5E9CAFD6) (tstamp 5E9BDF2F)
    (at 169.3 135.45)
    (descr "QFN, 48 Pin (http://www.thatcorp.com/datashts/THAT_626x_Datasheet.pdf), generated with kicad-footprint-generator ipc_noLead_generator.py")
    (tags "QFN NoLead")
    (path /5E98823A/5E98B902)
    (solder_mask_margin 0.02)
    (clearance 0.04)
    (attr smd)
    (fp_text reference U2 (at 0 -4.82) (layer F.SilkS)
      (effects (font (size 1 1) (thickness 0.15)))
    )
    (fp_text value ICE40UP5K-SG48ITR (at 0 4.82) (layer F.Fab)
      (effects (font (size 1 1) (thickness 0.15)))
    )
    (fp_text user %R (at 0 0) (layer F.Fab)
      (effects (font (size 1 1) (thickness 0.15)))
    )
    (fp_line (start 4.12 -4.12) (end -4.12 -4.12) (layer F.CrtYd) (width 0.05))
    (fp_line (start 4.12 4.12) (end 4.12 -4.12) (layer F.CrtYd) (width 0.05))
    (fp_line (start -4.12 4.12) (end 4.12 4.12) (layer F.CrtYd) (width 0.05))
    (fp_line (start -4.12 -4.12) (end -4.12 4.12) (layer F.CrtYd) (width 0.05))
    (fp_line (start -3.5 -2.5) (end -2.5 -3.5) (layer F.Fab) (width 0.1))
    (fp_line (start -3.5 3.5) (end -3.5 -2.5) (layer F.Fab) (width 0.1))
    (fp_line (start 3.5 3.5) (end -3.5 3.5) (layer F.Fab) (width 0.1))
    (fp_line (start 3.5 -3.5) (end 3.5 3.5) (layer F.Fab) (width 0.1))
    (fp_line (start -2.5 -3.5) (end 3.5 -3.5) (layer F.Fab) (width 0.1))
    (fp_line (start -3.135 -3.61) (end -3.61 -3.61) (layer F.SilkS) (width 0.12))
    (fp_line (start 3.61 3.61) (end 3.61 3.135) (layer F.SilkS) (width 0.12))
    (fp_line (start 3.135 3.61) (end 3.61 3.61) (layer F.SilkS) (width 0.12))
    (fp_line (start -3.61 3.61) (end -3.61 3.135) (layer F.SilkS) (width 0.12))
    (fp_line (start -3.135 3.61) (end -3.61 3.61) (layer F.SilkS) (width 0.12))
    (fp_line (start 3.61 -3.61) (end 3.61 -3.135) (layer F.SilkS) (width 0.12))
    (fp_line (start 3.135 -3.61) (end 3.61 -3.61) (layer F.SilkS) (width 0.12))
    (pad "" smd roundrect (at 1.85625 1.85625) (size 1.098483 1.098483) (layers F.Paste) (roundrect_rratio 0.227587))
    (pad "" smd roundrect (at 1.85625 0.61875) (size 1.098483 1.098483) (layers F.Paste) (roundrect_rratio 0.227587))
    (pad "" smd roundrect (at 1.85625 -0.61875) (size 1.098483 1.098483) (layers F.Paste) (roundrect_rratio 0.227587))
    (pad "" smd roundrect (at 1.85625 -1.85625) (size 1.098483 1.098483) (layers F.Paste) (roundrect_rratio 0.227587))
    (pad "" smd roundrect (at 0.61875 1.85625) (size 1.098483 1.098483) (layers F.Paste) (roundrect_rratio 0.227587))
    (pad "" smd roundrect (at 0.61875 0.61875) (size 1.098483 1.098483) (layers F.Paste) (roundrect_rratio 0.227587))
    (pad "" smd roundrect (at 0.61875 -0.61875) (size 1.098483 1.098483) (layers F.Paste) (roundrect_rratio 0.227587))
    (pad "" smd roundrect (at 0.61875 -1.85625) (size 1.098483 1.098483) (layers F.Paste) (roundrect_rratio 0.227587))
    (pad "" smd roundrect (at -0.61875 1.85625) (size 1.098483 1.098483) (layers F.Paste) (roundrect_rratio 0.227587))
    (pad "" smd roundrect (at -0.61875 0.61875) (size 1.098483 1.098483) (layers F.Paste) (roundrect_rratio 0.227587))
    (pad "" smd roundrect (at -0.61875 -0.61875) (size 1.098483 1.098483) (layers F.Paste) (roundrect_rratio 0.227587))
    (pad "" smd roundrect (at -0.61875 -1.85625) (size 1.098483 1.098483) (layers F.Paste) (roundrect_rratio 0.227587))
    (pad "" smd roundrect (at -1.85625 1.85625) (size 1.098483 1.098483) (layers F.Paste) (roundrect_rratio 0.227587))
    (pad "" smd roundrect (at -1.85625 0.61875) (size 1.098483 1.098483) (layers F.Paste) (roundrect_rratio 0.227587))
    (pad "" smd roundrect (at -1.85625 -0.61875) (size 1.098483 1.098483) (layers F.Paste) (roundrect_rratio 0.227587))
    (pad "" smd roundrect (at -1.85625 -1.85625) (size 1.098483 1.098483) (layers F.Paste) (roundrect_rratio 0.227587))
    (pad 49 smd rect (at 0 0) (size 5.45 5.45) (layers B.Cu)
      (net 1 GND) (zone_connect 1))
    (pad 49 thru_hole circle (at 2.475 2.475) (size 0.5 0.5) (drill 0.2) (layers *.Cu)
      (net 1 GND))
    (pad 49 thru_hole circle (at 1.2375 2.475) (size 0.5 0.5) (drill 0.2) (layers *.Cu)
      (net 1 GND))
    (pad 49 thru_hole circle (at 0 2.475) (size 0.5 0.5) (drill 0.2) (layers *.Cu)
      (net 1 GND))
    (pad 49 thru_hole circle (at -1.2375 2.475) (size 0.5 0.5) (drill 0.2) (layers *.Cu)
      (net 1 GND))
    (pad 49 thru_hole circle (at -2.475 2.475) (size 0.5 0.5) (drill 0.2) (layers *.Cu)
      (net 1 GND))
    (pad 49 thru_hole circle (at 2.475 1.2375) (size 0.5 0.5) (drill 0.2) (layers *.Cu)
      (net 1 GND))
    (pad 49 thru_hole circle (at 1.2375 1.2375) (size 0.5 0.5) (drill 0.2) (layers *.Cu)
      (net 1 GND))
    (pad 49 thru_hole circle (at 0 1.2375) (size 0.5 0.5) (drill 0.2) (layers *.Cu)
      (net 1 GND))
    (pad 49 thru_hole circle (at -1.2375 1.2375) (size 0.5 0.5) (drill 0.2) (layers *.Cu)
      (net 1 GND))
    (pad 49 thru_hole circle (at -2.475 1.2375) (size 0.5 0.5) (drill 0.2) (layers *.Cu)
      (net 1 GND))
    (pad 49 thru_hole circle (at 2.475 0) (size 0.5 0.5) (drill 0.2) (layers *.Cu)
      (net 1 GND))
    (pad 49 thru_hole circle (at 1.2375 0) (size 0.5 0.5) (drill 0.2) (layers *.Cu)
      (net 1 GND))
    (pad 49 thru_hole circle (at 0 0) (size 0.5 0.5) (drill 0.2) (layers *.Cu)
      (net 1 GND))
    (pad 49 thru_hole circle (at -1.2375 0) (size 0.5 0.5) (drill 0.2) (layers *.Cu)
      (net 1 GND))
    (pad 49 thru_hole circle (at -2.475 0) (size 0.5 0.5) (drill 0.2) (layers *.Cu)
      (net 1 GND))
    (pad 49 thru_hole circle (at 2.475 -1.2375) (size 0.5 0.5) (drill 0.2) (layers *.Cu)
      (net 1 GND))
    (pad 49 thru_hole circle (at 1.2375 -1.2375) (size 0.5 0.5) (drill 0.2) (layers *.Cu)
      (net 1 GND))
    (pad 49 thru_hole circle (at 0 -1.2375) (size 0.5 0.5) (drill 0.2) (layers *.Cu)
      (net 1 GND))
    (pad 49 thru_hole circle (at -1.2375 -1.2375) (size 0.5 0.5) (drill 0.2) (layers *.Cu)
      (net 1 GND))
    (pad 49 thru_hole circle (at -2.475 -1.2375) (size 0.5 0.5) (drill 0.2) (layers *.Cu)
      (net 1 GND))
    (pad 49 thru_hole circle (at 2.475 -2.475) (size 0.5 0.5) (drill 0.2) (layers *.Cu)
      (net 1 GND) (zone_connect 1))
    (pad 49 thru_hole circle (at 1.2375 -2.475) (size 0.5 0.5) (drill 0.2) (layers *.Cu)
      (net 1 GND))
    (pad 49 thru_hole circle (at 0 -2.475) (size 0.5 0.5) (drill 0.2) (layers *.Cu)
      (net 1 GND))
    (pad 49 thru_hole circle (at -1.2375 -2.475) (size 0.5 0.5) (drill 0.2) (layers *.Cu)
      (net 1 GND))
    (pad 49 thru_hole circle (at -2.475 -2.475) (size 0.5 0.5) (drill 0.2) (layers *.Cu)
      (net 1 GND) (zone_connect 1))
    (pad 49 smd rect (at 0 0) (size 5.45 5.45) (layers F.Cu F.Mask)
      (net 1 GND) (zone_connect 2))
    (pad 48 smd roundrect (at -2.75 -3.45) (size 0.25 0.85) (layers F.Cu F.Paste F.Mask) (roundrect_rratio 0.25)
      (net 72 /LATTICE_ICE40/DAT11))
    (pad 47 smd roundrect (at -2.25 -3.45) (size 0.25 0.85) (layers F.Cu F.Paste F.Mask) (roundrect_rratio 0.25)
      (net 74 /LATTICE_ICE40/DAT9))
    (pad 46 smd roundrect (at -1.75 -3.45) (size 0.25 0.85) (layers F.Cu F.Paste F.Mask) (roundrect_rratio 0.25)
      (net 75 /LATTICE_ICE40/DAT8))
    (pad 45 smd roundrect (at -1.25 -3.45) (size 0.25 0.85) (layers F.Cu F.Paste F.Mask) (roundrect_rratio 0.25)
      (net 55 /LATTICE_ICE40/AUX2))
    (pad 44 smd roundrect (at -0.75 -3.45) (size 0.25 0.85) (layers F.Cu F.Paste F.Mask) (roundrect_rratio 0.25)
      (net 73 /LATTICE_ICE40/DAT10))
    (pad 43 smd roundrect (at -0.25 -3.45) (size 0.25 0.85) (layers F.Cu F.Paste F.Mask) (roundrect_rratio 0.25)
      (net 31 /LATTICE_ICE40/IOT_49a))
    (pad 42 smd roundrect (at 0.25 -3.45) (size 0.25 0.85) (layers F.Cu F.Paste F.Mask) (roundrect_rratio 0.25)
      (net 29 /LATTICE_ICE40/IOT_51a))
    (pad 41 smd roundrect (at 0.75 -3.45) (size 0.25 0.85) (layers F.Cu F.Paste F.Mask) (roundrect_rratio 0.25)
      (net 24 /LATTICE_ICE40/RGB2))
    (pad 40 smd roundrect (at 1.25 -3.45) (size 0.25 0.85) (layers F.Cu F.Paste F.Mask) (roundrect_rratio 0.25)
      (net 25 /LATTICE_ICE40/RGB1))
    (pad 39 smd roundrect (at 1.75 -3.45) (size 0.25 0.85) (layers F.Cu F.Paste F.Mask) (roundrect_rratio 0.25)
      (net 26 /LATTICE_ICE40/RGB0))
    (pad 38 smd roundrect (at 2.25 -3.45) (size 0.25 0.85) (layers F.Cu F.Paste F.Mask) (roundrect_rratio 0.25)
      (net 30 /LATTICE_ICE40/IOT_50b))
    (pad 37 smd roundrect (at 2.75 -3.45) (size 0.25 0.85) (layers F.Cu F.Paste F.Mask) (roundrect_rratio 0.25)
      (net 33 /LATTICE_ICE40/IOT_45a))
    (pad 36 smd roundrect (at 3.45 -2.75) (size 0.85 0.25) (layers F.Cu F.Paste F.Mask) (roundrect_rratio 0.25)
      (net 32 /LATTICE_ICE40/IOT_48b))
    (pad 35 smd roundrect (at 3.45 -2.25) (size 0.85 0.25) (layers F.Cu F.Paste F.Mask) (roundrect_rratio 0.25)
      (net 76 /LATTICE_ICE40/CLK_100MHz))
    (pad 34 smd roundrect (at 3.45 -1.75) (size 0.85 0.25) (layers F.Cu F.Paste F.Mask) (roundrect_rratio 0.25)
      (net 34 /LATTICE_ICE40/IOT_44b))
    (pad 33 smd roundrect (at 3.45 -1.25) (size 0.85 0.25) (layers F.Cu F.Paste F.Mask) (roundrect_rratio 0.25)
      (net 2 +3V3))
    (pad 32 smd roundrect (at 3.45 -0.75) (size 0.85 0.25) (layers F.Cu F.Paste F.Mask) (roundrect_rratio 0.25)
      (net 35 /LATTICE_ICE40/IOT_43a))
    (pad 31 smd roundrect (at 3.45 -0.25) (size 0.85 0.25) (layers F.Cu F.Paste F.Mask) (roundrect_rratio 0.25)
      (net 53 /LATTICE_ICE40/AUX5))
    (pad 30 smd roundrect (at 3.45 0.25) (size 0.85 0.25) (layers F.Cu F.Paste F.Mask) (roundrect_rratio 0.25)
      (net 9 +1V2))
    (pad 29 smd roundrect (at 3.45 0.75) (size 0.85 0.25) (layers F.Cu F.Paste F.Mask) (roundrect_rratio 0.25)
      (net 9 +1V2))
    (pad 28 smd roundrect (at 3.45 1.25) (size 0.85 0.25) (layers F.Cu F.Paste F.Mask) (roundrect_rratio 0.25)
      (net 58 /LATTICE_ICE40/AUX4))
    (pad 27 smd roundrect (at 3.45 1.75) (size 0.85 0.25) (layers F.Cu F.Paste F.Mask) (roundrect_rratio 0.25)
      (net 61 /LATTICE_ICE40/DAT14))
    (pad 26 smd roundrect (at 3.45 2.25) (size 0.85 0.25) (layers F.Cu F.Paste F.Mask) (roundrect_rratio 0.25)
      (net 60 /LATTICE_ICE40/DAT15))
    (pad 25 smd roundrect (at 3.45 2.75) (size 0.85 0.25) (layers F.Cu F.Paste F.Mask) (roundrect_rratio 0.25)
      (net 63 /LATTICE_ICE40/DAT12))
    (pad 24 smd roundrect (at 2.75 3.45) (size 0.25 0.85) (layers F.Cu F.Paste F.Mask) (roundrect_rratio 0.25)
      (net 2 +3V3))
    (pad 23 smd roundrect (at 2.25 3.45) (size 0.25 0.85) (layers F.Cu F.Paste F.Mask) (roundrect_rratio 0.25)
      (net 62 /LATTICE_ICE40/DAT13))
    (pad 22 smd roundrect (at 1.75 3.45) (size 0.25 0.85) (layers F.Cu F.Paste F.Mask) (roundrect_rratio 0.25)
      (net 2 +3V3))
    (pad 21 smd roundrect (at 1.25 3.45) (size 0.25 0.85) (layers F.Cu F.Paste F.Mask) (roundrect_rratio 0.25)
      (net 66 /LATTICE_ICE40/DAT5))
    (pad 20 smd roundrect (at 0.75 3.45) (size 0.25 0.85) (layers F.Cu F.Paste F.Mask) (roundrect_rratio 0.25)
      (net 64 /LATTICE_ICE40/DAT7))
    (pad 19 smd roundrect (at 0.25 3.45) (size 0.25 0.85) (layers F.Cu F.Paste F.Mask) (roundrect_rratio 0.25)
      (net 57 /LATTICE_ICE40/AUX0))
